-6.779993809777913327e-01,-6.987569823277073322e-01
9.314374622601281350e-01,1.913913345045447356e-01
5.482913114944971689e-01,-6.017146208598342719e-03
8.728369232932580157e-01,3.750233178235412579e-01
4.354272030798965187e-01,-2.947263792601815258e-01
-5.362533082562059850e-01,-1.634708073335686684e-01
9.355339859673355019e-01,-6.995023782726582373e-02
1.592193556542588762e-01,9.714149407694629978e-01
-6.115473054349307436e-01,7.514184441469968778e-01
4.230403101166976820e-01,-2.681253936316936315e-01
1.731465990807831423e-01,-4.583626068786286756e-01
-2.191252963672250531e-01,-3.988489896845991423e-01
9.610892853805891312e-02,-5.196019320106454176e-01
-1.044859023821165800e-01,9.420768517301214562e-01
9.676868875202245812e-01,-1.741826395231945435e-01
7.542422758793889681e-01,-6.216173175355016456e-01
-4.399565150678788616e-02,-5.319865229359099779e-01
4.303651913498388604e-01,-3.551653779114086751e-01
-1.027807339011885368e+00,1.553250689841926546e-01
-2.285477499163073578e-01,3.825286814584316630e-01
7.175770231455456949e-02,9.890004215763792406e-01
6.558033679024941609e-01,-8.127749952266962730e-01
7.584904586389797920e-01,6.296177991261312501e-01
-8.666555235088186926e-01,-4.978408143851412726e-01
-5.200348153827687447e-01,7.219044063232217534e-02
3.949086856847016103e-01,2.215294859179001152e-01
-4.801405466453806392e-01,-9.875426489930122509e-02
-1.842176967309999414e-01,-9.217552646635138736e-01
1.015962301781362792e-01,5.247265344750707827e-01
-1.406151597058560576e-01,-4.200618875094641602e-01
3.054182592286543985e-01,-3.058356861880493494e-01
-8.502605216699313795e-01,5.025833220142285063e-01
-5.209333572909083943e-01,-1.049194092424683700e-02
1.576367170432745324e-01,5.233382037230133177e-01
-4.341887991230690136e-01,2.391808767893627979e-02
3.165125103522756222e-01,-3.945246269609559153e-01
-6.035954279809366829e-01,-6.752297860963689669e-01
1.209212235461539359e-01,-9.696934074461467379e-01
-6.994614142646209398e-01,-7.001450768146990633e-01
-8.298127390098156697e-01,3.844973750243103616e-01
-4.501348043695118095e-01,-2.850300101165200717e-01
3.428914087013293921e-01,-4.555104114389443848e-01
5.318138717477403077e-01,3.143082682069440331e-02
7.384768357989385246e-01,-6.579376713555039613e-01
-6.154574203618982109e-01,7.684975658449961777e-01
-3.787517363234078616e-01,-8.930429926479253044e-01
-4.692872705664867250e-01,1.706191466407964707e-01
9.405160225296520515e-01,-3.450813581350277714e-01
2.805644360775974011e-01,3.184252532561812621e-01
-3.754627981815830129e-01,-3.872418126530353111e-01
5.133563098135227598e-01,2.497861731795686380e-01
-4.617740775868519054e-01,-2.241382252664150254e-01
5.318313364839344359e-02,-9.487707523316668556e-01
7.080837976221714125e-02,-3.800321206852868561e-01
-1.600720093672530486e-01,-8.951510067899333123e-01
-2.748723990051873955e-02,-5.545492445003092907e-01
9.128937648956525486e-01,-3.424902884698572958e-01
-4.413894484321901901e-01,-8.907635914027731694e-01
4.547898862145798859e-01,3.280870209335291082e-02
-5.066435887008607919e-01,8.048229107181534281e-02
-7.346773082200539484e-01,-6.664458692889871916e-01
8.608492830289606879e-01,5.547507869940561109e-01
-4.567073067049235435e-01,2.215571127137929974e-01
-3.311541522748888688e-01,9.691661037235496101e-01
3.534944288648273619e-02,4.666554518287729936e-01
-8.866991525287415410e-03,5.164051977929328130e-01
-3.128112489364076598e-01,-1.016868176035709892e+00
-3.317180643545039609e-01,-4.393129440610975545e-01
-7.536896576259219938e-01,-6.422317463324537234e-01
-5.466273207828563629e-01,7.989639849157428864e-02
9.148854954010686713e-01,8.766081159339846052e-02
-9.466364227570315260e-01,-5.939117847007320261e-01
4.070680308431293692e-01,1.082818951887577902e-01
-4.095794727421878667e-01,2.935441464946251244e-01
4.189785238069524964e-01,8.711431560186139178e-01
-7.967333942659984847e-02,-9.590642177625046116e-01
2.227055155741251846e-02,4.920236807070329510e-01
-1.284448794653570425e-01,1.034037885733097184e+00
2.961288104335723093e-01,9.274003731049672572e-01
2.214476580510913728e-01,-3.727426525261951507e-01
4.232692041740886979e-01,-2.124344096907351820e-01
-9.243473722882455945e-01,-3.512711684235901299e-01
-6.056286325406871063e-01,-7.151641980825584888e-01
-7.656758051404710663e-01,-7.288621206146482789e-01
3.380733834641023727e-01,3.728027139224370790e-01
-4.284412167628523505e-01,8.072827011245575779e-01
3.336863358742185870e-01,-2.631535619296354045e-01
-5.240921237132477595e-01,-8.489934471646860548e-01
-3.860907968311683147e-02,-9.956795281498276307e-01
-9.845258653848075747e-01,4.695092123952832042e-02
2.103403344186818569e-01,-9.854239857056132923e-01
8.885530314860487500e-03,-9.960323897138593230e-01
-6.594986632727121156e-01,5.945824368975901608e-01
9.719263504389754615e-01,2.248939694131930622e-01
-3.536769269641566460e-01,-2.351957850075909462e-01
-5.782501735943028354e-02,-5.663467963926900328e-01
8.716337411822924208e-01,-6.331807008773089329e-01
-3.214638963031787866e-01,9.313677864439888765e-01
9.848167300057800722e-01,2.810031610348907583e-01
8.716696157540021472e-02,5.292700409710667797e-01
-3.882767011205292551e-01,1.937389708466690785e-01
1.796482860536784965e-01,-4.975908810435524798e-01
5.514161949737941271e-01,8.730067500582243678e-01
5.704516892773993375e-02,4.977957128299450029e-01
-5.738322104088092734e-01,3.336155957506589664e-02
7.469189903408895992e-02,5.798194945758587959e-01
-9.529579074869527489e-01,3.254813016994937414e-01
-7.329142270492315925e-01,-5.280685436126898447e-01
2.488198710513320477e-01,-9.566707596148950055e-01
-5.110089820208719713e-01,1.801959920376436652e-01
-1.596676989101610336e-02,1.037270489844954291e+00
9.612453778471072852e-01,8.725649125671811057e-02
9.245766566748254700e-01,3.806573535792588392e-01
6.945885295679294913e-01,5.847968591610390732e-01
-1.683961283653291896e-01,-4.867047483189683721e-01
1.128559340276591300e-01,4.556643735248702143e-01
9.059569506403383210e-01,2.357155253369345449e-01
-1.933601169175915846e-01,-3.801497301145868035e-01
4.285844617843644899e-01,2.792674201396625477e-01
-1.298083874586836162e-01,-1.006864754662888384e+00
8.493474392957846009e-01,4.334547572093407353e-01
9.581722583102981750e-01,-4.071654155381485007e-01
-6.846293095050888233e-01,-6.986415236260811179e-01
-3.036980876844684873e-01,-9.359102628812551172e-01
-6.050709243769833989e-01,-8.701120190753585115e-01
-1.717752234837186809e-01,5.045530083774510954e-01
-9.410867808193303929e-01,-3.634990057959901488e-01
-1.026895226823179019e+00,-1.766127090651971043e-01
2.517736414971712411e-01,-3.752098897737936589e-01
-3.923329910202887072e-02,5.082365421343177925e-01
5.986272847537137398e-01,1.614752399434102870e-01
1.502532608397744163e-01,4.679358463177911709e-01
-1.580625512633111462e-01,9.936720206702693847e-01
-1.744842120514554229e-01,-4.909363703075177443e-01
7.973526450223102913e-01,-5.708017875497148896e-01
-8.802381975031499106e-01,5.816562676679080113e-01
2.484831305936892054e-01,9.753213324591207822e-01
-7.644389646717013598e-01,6.409600781438103967e-01
-5.551569518259265035e-01,2.229307992262184457e-01
3.985768664135025396e-01,-8.759078376157315438e-01
-9.082051856888639918e-01,4.072848772006563145e-01
5.398864757097920908e-01,-8.452032630223889065e-01
1.621157549234822359e-01,4.409180388256146998e-01
4.817149547137415388e-01,1.168528112080138986e-01
-4.945457888878175556e-02,9.730723621609189689e-01
-1.094953108937353647e+00,-2.659195486000857228e-02
8.176136009552728567e-02,-8.824915209033369345e-01
-9.358931308994966614e-01,3.786552853452458400e-01
3.975611685823794983e-01,-1.699544600134639261e-01
9.740159124049223571e-01,5.928180766920437134e-02
-8.546873913839218018e-01,6.599274276545300522e-01
-4.689570737209414197e-01,-2.828422184456440558e-01
9.801041050578357394e-01,2.499314474542436160e-01
8.694333472732324042e-02,5.136427758631418872e-01
5.419571696457813337e-01,1.444478408310763962e-01
-1.993543487351286114e-02,4.119567921956175383e-01
4.952787014744215455e-01,-1.845849759009137725e-01
-9.929694603439773726e-01,7.216448821740856223e-02
-4.509438123015190036e-02,4.691668502316411193e-01
9.093506255918676340e-01,-4.491857389234602538e-01
-2.255978472159143600e-01,-4.732530004858021000e-01
8.651090679846600295e-01,-4.964274933361118580e-01
-2.272534130970652599e-01,9.974294549028871470e-01
-4.610602700710899615e-01,-1.797497235115495529e-01
2.546340146767206436e-01,-3.917962873614664887e-01
1.623490642624663971e-01,3.992054477075402952e-01
-5.473716769185312803e-01,1.993076209350655992e-01
4.328745528853336633e-01,-2.889952009204160843e-01
-8.388981616456856472e-01,3.955617405953602006e-01
9.851778571491669467e-01,1.975494408661956636e-01
-8.660277934330565808e-01,-5.025496873009104304e-01
5.078506424267371644e-01,1.738288400058296546e-01
3.809588821993253327e-01,-2.122322972254653550e-01
-8.469062052795586770e-02,1.016471566753609945e+00
-2.228716284571884698e-01,3.972399281951589645e-01
-9.005821844922491382e-01,-4.745400847136400646e-01
2.372916972522274570e-01,8.300826084400677596e-01
-4.623342793769357195e-01,-9.584911684793721021e-01
2.945068632038814194e-01,-3.924234976191195434e-01
6.606062958743679214e-01,-6.800992065073920845e-01
-8.526870678436188067e-01,5.494401272630843325e-01
-3.070976552563274842e-01,8.598036487132439953e-01
9.864968418985410326e-01,-2.860527270797140753e-01
1.072889710451734757e+00,-1.478169062125898187e-02
3.470505840115808427e-01,-9.520409276960885014e-01
7.920567567491342276e-01,6.228916762437254340e-01
8.563741185446123172e-01,-6.593522319301711176e-01
7.166431491848772595e-01,7.391314604008639710e-01
-9.498219587070769743e-01,-4.138299270565292676e-01
4.390835574760140747e-01,9.730494834124574499e-01
-9.014432416971911444e-01,4.735745915378498649e-01
-4.176792488674511139e-01,-2.922036643373568388e-01
-4.016634382399624226e-01,2.304904119930007156e-01
-7.704590164194911051e-01,-6.246927780950743969e-01
1.046493895935531049e-01,-4.190569659302287864e-01
-3.519924210858393909e-01,9.254755218004877548e-01
-4.618847703990324738e-01,8.105434427672947306e-02
7.761564112063787935e-01,5.634173287235998417e-01
-6.094527219647367655e-01,7.761239177447305515e-01
-8.698255976163224990e-01,6.110298779737280972e-01
-9.363426381909211171e-01,-2.503961297797544505e-01
9.476406442767866256e-01,1.951887429540583030e-01
1.720005402183807652e-01,5.055054305211456045e-01
6.708470607551374476e-01,7.223366583567873978e-01
-1.281802711855900001e-01,3.826302466204626329e-01
8.494333299409528859e-02,9.709731844211093588e-01
5.024321558085604877e-01,8.369112732605036298e-01
-7.658202630765535979e-01,-5.983528797306720826e-01
2.677826897976444687e-01,-9.532614216635267868e-01
-1.369632312531282314e-01,5.058171759599571216e-01
5.263294866279305539e-01,6.973798319210008922e-03
3.377750278992833893e-02,-1.002287290741836312e+00
1.060646310079709442e+00,4.541290934970788201e-02
5.009387060564681748e-01,-5.941985289415964433e-02
-4.405923285236141851e-01,-1.869623397329567005e-01
-7.250365356741531597e-01,-6.702321575898841921e-01
-2.592952293578659750e-01,-3.956993845378030117e-01
3.569940628930857174e-01,3.025016385443207723e-01
4.112688279923903401e-01,-8.655341739927112643e-01
-4.595950905547397380e-01,1.270223975017384099e-01
1.875568286183658395e-01,5.035662960887898887e-01
3.509900296930258401e-01,9.627134983688498959e-01
9.465781815887486239e-01,-2.112551827550850636e-01
5.993367983851231040e-01,-8.425064961556083531e-01
-1.869738330951387639e-01,-1.057287636700552147e+00
-7.819407412272715296e-01,-5.181916428819975939e-01
5.043771603881522791e-01,-1.124376054355138987e-01
-4.249578291514332085e-01,-1.319151204387450371e-01
-9.880466737716092629e-01,-2.903934239143130536e-01
5.837375691872794814e-01,7.624031298172389004e-01
9.056164204245623628e-01,-1.919038545443033095e-01
1.229151889160745581e-01,-4.783666079969577378e-01
3.211844340608079329e-01,-3.807303997511432558e-01
9.252932653681597008e-01,-4.528917517077691857e-01
1.775702461755647443e-01,-9.320510599414588704e-01
2.850469580662949309e-01,4.236281692979544378e-01
-5.069850502850619112e-01,-1.105051898778352804e-01
4.827556934805355415e-01,-8.360393895319562230e-02
-3.089170901475460917e-01,1.035905034128425717e+00
-4.861906171555084311e-01,-7.937360189417576317e-02
-1.094478528848955579e-01,4.837346395735508398e-01
9.270415681927257623e-01,3.726147752666327806e-01
-2.270875174217880932e-01,3.964119381288535582e-01
1.948556536424491115e-01,-4.317683227827937009e-01
8.071268689877701963e-01,4.101533772942996259e-01
-4.870387186870677731e-01,-1.979674790256892025e-01
-1.596417804434484972e-02,-4.838157119811150597e-01
-2.752034828582168857e-01,-9.550659034621828969e-01
-3.223842116285514092e-01,2.999877764102009126e-01
-6.803023764870365087e-01,6.867202252337171187e-01
3.000834693402241182e-01,-2.090338650555740863e-01
7.687986447372159304e-01,-6.591057183510952155e-01
-3.161205636778025019e-01,8.417614415241675418e-01
-1.004778213508644991e-01,4.416168113751945956e-01
-3.173505037486047398e-01,4.631905263344966439e-01
-1.685331347468574936e-01,-5.246601371727475094e-01
-2.103720878744168576e-01,9.101823009154021982e-01
3.804725994203720929e-01,-3.011544158327414955e-01
1.059209261405281044e+00,-2.383297630336754236e-01
-4.376680677021831389e-01,2.606511803896410795e-01
-9.181266694443024345e-01,-6.256154396593937017e-01
6.612632629068632140e-01,-5.928624884411797247e-01
2.082807746566034679e-01,5.117174847363608059e-01
-8.624695497110590470e-01,5.606925399000347587e-01
-3.571752496060571769e-01,-2.534583290113469056e-01
4.195871895682422026e-01,-8.628568909443216084e-01
7.545578491300411472e-02,-4.997593718751272562e-01
-1.128858307015973561e-01,4.952392607357578025e-01
-9.471172240268683762e-01,1.155463248149017491e-01
-3.860858561851840398e-01,-9.342570513009824940e-02
3.973811862262042194e-01,-3.582830129933289864e-01
5.862006670094429550e-01,-3.984122645667306784e-02
3.733230654419146255e-01,-2.110774195868274083e-01
5.234107487838824957e-01,-3.138367067535917654e-01
-3.029298482288115824e-01,3.928017865732257308e-01
-3.734748060080031462e-01,-9.727414774172206124e-01
-5.357436625614003800e-01,-1.113441171215501652e-01
3.046007452619890754e-02,9.527549630712941475e-01
-8.337264484556432542e-01,6.235284014225432880e-01
3.304022753355831399e-01,-4.155239221057074328e-01
1.981827415218233024e-01,-4.178739599350073108e-01
4.191579882550660052e-01,-2.208072095096100529e-01
2.432543804846420965e-01,-4.808179920809140251e-01
-1.641639336309333730e-01,4.478630149715768782e-01
-3.564304543876829490e-01,3.161134133976005733e-01
9.606734313314303497e-01,-5.325621859546278980e-01
-2.170094806923986430e-01,3.992488908168998485e-01
-1.829767270737603646e-01,-9.682035870347047712e-01
-4.868611007118826550e-01,1.070006474923336200e-03
-9.982007206628367157e-01,2.857696982626682369e-01
-2.585661382873120084e-01,-3.489453861761356301e-01
1.001401069144240985e+00,-8.375277512026538251e-02
8.994955968328621765e-01,3.996392192183868541e-01
-2.911953843161472349e-02,-1.011456336810758749e+00
-5.108887472627584581e-01,-3.380802519954362317e-02
-2.362224662839820799e-01,1.014309357995895056e+00
-2.513434473511679326e-02,5.006110528606245724e-01
-1.779204189336358599e-01,4.450647893750432349e-01
4.581407291023248396e-01,-1.091402171057477832e-01
-7.649464451060766779e-01,-6.211984577478519842e-01
4.860575144777256051e-01,-8.601818118418882442e-01
7.273795928023006896e-01,-6.638905905915571948e-01
-8.964346015322431915e-01,4.314322561248450927e-01
3.539652671551821728e-01,9.065130032873106591e-01
4.943372632128475441e-01,-8.656613410735808367e-01
-6.775039832449445409e-01,-7.987765706991973857e-01
9.819434877728481226e-01,3.488489698967071062e-01
-4.173134944371865163e-01,2.303260550910206095e-01
-5.346943733154543299e-01,8.559428195745291679e-02
-1.036210528072631920e+00,1.382693479457239027e-01
4.703042902935283820e-01,1.164197760731848635e-01
-7.582029760936902507e-01,-6.345383077956860962e-01
2.988483624166671238e-01,4.596906160524557028e-01
8.668943711247837358e-01,-4.941820485731338586e-01
-8.877192513177516453e-01,-3.765690619567226283e-01
-4.620287291672260377e-01,-2.633517352359632802e-01
9.859760144466284126e-02,4.852435377765052515e-01
-4.202778787254806692e-01,-2.149203369926266649e-01
9.461667445879766714e-01,5.159256139229341231e-01
-3.418433926868428840e-01,9.258783792716365202e-01
-8.673666444315277779e-01,3.978976174326529502e-01
4.022150898298521571e-01,2.938683326446093202e-01
-5.128644775882893470e-01,-2.317891495135231406e-01
5.471996669913564704e-01,-1.090359923245109441e-01
9.063244400224342856e-01,4.908217548260912499e-01
-1.098152212031021924e-01,4.977064828639483074e-01
-8.863180997507763559e-02,-1.021198590990343824e+00
-2.907615560809092559e-01,-9.329443511326952487e-01
-3.941967371568194656e-01,2.564790383561497134e-01
-2.877797919125035797e-01,2.531397004865637013e-01
-1.011400760171356605e+00,-3.858787919659310839e-02
3.605751084025998754e-01,2.943922143280565673e-01
-2.975047217752982975e-01,-2.318387357075540334e-01
8.647896894650800581e-01,2.765114316825833529e-01
-6.604449453881022780e-01,8.126498726269555384e-01
-1.932939500211892092e-01,5.444607647799909467e-01
4.068879999986717566e-01,-2.969678092694514326e-01
6.051979351636262994e-01,8.627839545869934179e-01
2.166202347926453053e-01,-4.317418218569112343e-01
-5.197153138535520744e-01,1.753201097640096351e-01
-8.367403654586530459e-01,-5.273182174158622670e-01
5.446064577265091744e-01,8.546252704724650595e-01
-7.507594603380629561e-02,1.107215794330811409e+00
-3.557304662245638904e-01,3.901358511359696024e-01
1.784679997716994149e-01,-5.165196881493221426e-01
-4.149524630852212681e-01,2.300346463401800046e-01
-4.008193345109278272e-01,3.014316235543463840e-01
4.797582930787548661e-02,-4.303783100268860351e-01
4.527625749610762057e-02,-9.688174860263647492e-01
1.735677443426588695e-01,-5.001557827312389515e-01
4.127795702644257991e-01,2.052815405572744334e-01
-1.796325669941363778e-01,-5.300219647549513358e-01
-4.924704857151428472e-01,-9.428699450854101105e-01
-8.427168906736650644e-01,4.666683559631883138e-02
2.536518145424950244e-01,-4.234157012087031435e-01
-1.753620356314243567e-01,-4.911577250285115159e-01
-2.513163633169493982e-01,-4.526988977701600914e-01
3.475210363652379009e-01,-3.374583950122526654e-01
-4.289953094570251868e-01,-8.400937495639552166e-01
4.552013782544813147e-01,2.877144392402412598e-01
2.263155157737720413e-01,-9.355931442128987419e-01
8.343390621101003379e-01,3.597907973196740050e-01
-5.150760470138372737e-02,-4.323740428514662448e-01
-1.512913215034618064e-01,-9.158845003935051077e-01
7.465693252612844999e-01,7.366897749290801656e-01
2.545484373491533892e-01,4.168794284928703520e-01
-4.463215833422244372e-01,-2.920148386293037746e-01
-1.453510103164796508e-01,-4.908687951651697912e-01
8.963409555299578502e-01,3.826207998343141847e-01
-2.991177010509684098e-01,3.597644532084204871e-01
7.838934138947739605e-01,6.064634965572270886e-01
-6.058671506705129994e-01,-7.775428382568098096e-01
1.043273403229232621e-01,-4.971907367316563686e-01
1.010678104573636160e+00,-8.442690160525909149e-02
1.341262102023836056e-01,-4.837663335596354974e-01
-4.324290660157519839e-01,8.469340037288167755e-01
8.141217448888706798e-01,-5.613700703583858198e-01
9.539326119085603795e-01,-2.135703724481113897e-01
2.205731013508417659e-01,-9.820553869907857614e-01
1.295009498675504973e-02,9.942131176729710473e-01
2.116775695110862665e-01,9.473249568944582810e-01
1.830411742836167421e-01,-4.104899738051589475e-01
-8.410335938312148985e-01,3.977862715277036276e-01
9.744890772235997867e-01,8.883267472274862520e-02
-1.834296556699360758e-01,-9.285813805733708071e-01
3.066126193401839672e-01,-3.509873568292554147e-01
-6.222876324203180376e-01,-8.340557530108101414e-01
1.971743631089600823e-02,-1.008886404064826214e+00
-4.766081117226535491e-01,-7.872833023415656828e-02
-9.796374870607779117e-01,-9.379558130774318103e-02
2.187399492108420551e-01,4.811565532108301735e-01
-3.520256313294857220e-01,-3.542910652794174498e-01
3.178209759975451076e-01,-2.369244422916422510e-01
4.192908933866112964e-01,3.263689681808455978e-01
-5.493573429933469310e-01,5.357616516107724380e-02
5.082336664208213506e-01,-2.962049276641254281e-01
7.256014374301531511e-01,-7.517172174540666107e-01
-8.877073084940356740e-02,-4.560164489965006229e-01
1.046336236707183120e+00,2.755528672688245528e-04
-2.155635103938855768e-01,4.554570853253879781e-01
-5.086506200908986752e-01,5.632446362617692798e-02
5.104337820841322593e-01,-8.887379352280792011e-01
1.176636124594946653e-01,5.257363457633451587e-01
-3.807206995545051043e-01,2.274148415804715384e-01
4.785167109459148027e-01,-1.227659438971822198e-01
-4.243437659079158930e-01,2.332892698982988733e-01
4.546869611954609813e-01,-8.762082278412171021e-01
-4.414054381834507934e-01,1.462148866528415747e-01
1.638400791280704982e-01,3.824818943613750299e-01
5.696537521218343336e-01,8.529295679023699006e-02
-9.865335331534794694e-01,-4.786609424509044586e-01
-3.878356184818871899e-01,-9.161262971678372224e-01
-1.270716288698606755e-01,4.263842195455795903e-01
-1.993910523121024958e-01,-5.261460781082301086e-01
-1.035742053544792540e+00,-1.962343660840837056e-01
-5.123306013658315838e-02,-4.651387837862431818e-01
-4.283688709374821046e-01,-4.736363554231898254e-02
-4.763709337879376560e-01,-1.384163241905178032e-01
4.268171930115911561e-01,2.157544968642930439e-01
4.953310344405009724e-01,1.915325981943504785e-01
4.151641523734886374e-01,-2.634285910866490110e-01
8.382589709854294524e-01,-4.948802380390264211e-01
7.508927336357607007e-01,-6.893727022878864963e-01
-4.957938963835040735e-01,-1.095272549433311260e-01
2.347809443368941984e-01,4.272914159237176657e-01
1.554169356721715745e-01,-3.996077574156332579e-01
5.669963691067376743e-01,-7.604628165809760310e-01
-5.079432423549428144e-01,8.062529763673492722e-01
1.000321838057564028e+00,-2.970229217643235997e-01
8.355101281937020730e-01,-6.387537970466911075e-01
4.373860089937713913e-01,3.506516777123579454e-01
-7.761578015644303719e-01,-4.907566322870766107e-01
3.475705678294210288e-01,5.095207195782693876e-01
-4.774391036221425355e-01,8.616561663241948388e-01
-9.713288728241069592e-01,-3.700014725624132250e-01
-4.007327351017636596e-01,-1.901032645737458504e-01
-5.459416987251520803e-01,9.054610670339738876e-01
-4.336405577718556725e-01,1.663441083250732366e-01
7.357936191419320315e-02,-5.048709598671893284e-01
-6.037758872097283014e-01,-8.675201114447073092e-01
2.082322505277258706e-01,-4.733949315843771211e-01
-8.778200340252494405e-01,-4.024221124998498267e-01
-4.179113910241480934e-01,-3.646456090741516110e-01
4.175775161108296607e-01,-1.860134235718741147e-01
-2.952289235056593242e-01,3.852507122757363178e-01
4.877930317941842064e-02,-4.364367232796243501e-01
-3.798309049503794665e-01,-2.516046972606610921e-01
-4.912481428159808788e-02,-6.016504782430611709e-01
-4.210461141076710656e-01,-1.311845072215846730e-01
-3.762401996614489486e-02,3.859579453011620087e-01
-3.014503558840815889e-01,-8.452500873620716337e-01
-3.221293219124874985e-01,3.733844510036855580e-01
-1.779843125878698140e-02,-9.963707475076793996e-01
6.024876873614473105e-01,-7.940539722279009727e-01
6.957792941752838356e-01,-7.426081308388333690e-01
-4.109890987903979109e-01,3.605567857350729932e-01
-7.962689017229354627e-02,5.841872937519989595e-01
4.790440988957916368e-01,-1.809249076049330163e-01
-9.857292844064200477e-01,-3.883569686799418497e-01
-1.905523448791342916e-02,9.645485142470172635e-01
-3.990482546676063502e-01,9.113483320945058308e-01
-7.990251781150837021e-03,-4.101554783919384994e-01
6.418414551640372334e-02,-5.154303385051954844e-01
4.489369372861151120e-01,-2.233998786041564433e-01
-4.901149598235928773e-01,1.386121847376205751e-01
2.437164781309233974e-01,4.629874172547667199e-01
8.591553680805285031e-01,4.444681739731777270e-01
2.024349120573573357e-01,-4.992616050100590064e-01
8.051688195994471942e-03,-5.152157977437372693e-01
6.567035651417848507e-01,-7.308015073064818568e-01
4.098270208875143816e-01,2.989359954298344002e-01
-4.631988320606659354e-02,4.410918561097105783e-01
4.461477800507008817e-01,2.252524669494684190e-02
1.330347095115441136e-01,-9.732186122353305713e-01
7.471569632800167948e-01,6.525875617763540193e-01
-7.676825627767707161e-01,-6.691145934613873525e-01
-4.271299166677193226e-01,-2.492552672796362889e-01
-4.478506016249395594e-01,1.611257681767314098e-01
9.021548604226742318e-01,3.586191403923386090e-01
-2.622991405961275779e-01,-3.781966117855761755e-01
-3.823787884544903592e-01,7.535284805877565661e-01
4.706324023937520917e-01,-1.572256637203523766e-01
-7.341686861763471184e-01,6.271610369344804425e-01
9.232390790870498298e-01,-4.761532968367084839e-01
8.700005370592709397e-01,-4.716501562214391874e-01
-6.510636703337878695e-01,7.047300525814964578e-01
2.010070385239678958e-02,4.346502741221423549e-01
-7.043833240207517110e-02,-9.785004352642608927e-01
-9.842671254458087438e-01,-1.570784287534279233e-01
-6.733759349837967756e-01,7.555628561062801563e-01
-4.136993862929053134e-01,1.599801234641916869e-01
-5.264513455038083434e-01,-7.561201369504164660e-01
5.776003666515965307e-01,-6.793843334767155073e-02
-5.419847018716668074e-01,-1.361371735134209518e-02
6.488407044838944149e-01,-7.531348795095059723e-01
-7.078742831208738595e-01,7.141921848926354732e-01
-3.994721232586788129e-01,3.750409507760644745e-01
3.036384901836096661e-01,4.097919376537036973e-01
-9.888320994594833602e-01,-1.191253882937335085e-01
-6.621588956600037434e-01,7.647523148527201053e-01
-9.747098612331867029e-01,-3.344354840419478392e-01
-5.984745662349148787e-02,-5.475563731022941028e-01
-9.264538368217882791e-01,2.371441044467983428e-01
-7.149040059702342909e-01,-6.422345016462219780e-01
-1.061996617239973739e+00,1.442620696356332610e-01
4.994720941113962032e-01,-9.387227617439236615e-02
4.366980480830252032e-01,4.564424260689042279e-01
-1.455747127793495244e-01,-1.015787277251036569e+00
-8.336394956154887792e-01,4.158781738147829254e-01
-5.386113072246414557e-01,-1.300334379367820425e-01
-4.788217577884347487e-02,9.881866539056155530e-01
5.473034461068727596e-01,5.956373588872034691e-02
-1.522436402684272660e-01,4.825984435574960929e-01
8.833225578290857527e-01,5.514971356404816394e-01
-5.258256960696040538e-01,-8.992963189691162151e-01
9.406425547878627391e-01,7.932937431804951145e-02
1.595487002941713695e-01,4.717061772369062211e-01
-4.311220424791610273e-01,-8.698134871414959779e-01
-4.203762902859984329e-01,-2.846739415954634977e-01
9.641144942927302175e-01,-3.160451490723241164e-01
9.072070473386226186e-02,-5.104667037799673901e-01
8.466772806899530712e-01,4.214714096993844583e-01
-3.236964296180290801e-01,3.889323692538722010e-01
3.601183842618743691e-01,-3.422933230384791470e-01
-9.062694549580075920e-01,-3.328580542324685587e-01
-1.722700543334122203e-01,-1.003397762658027048e+00
-1.123857089300702855e-01,1.012097467964578890e+00
-8.967841016465460946e-01,3.732240453237481992e-01
-5.902841570105188396e-01,-7.785495274988820658e-01
3.449649300819224718e-01,3.631815109567910205e-01
-1.592345386375256799e-01,-3.892183542439130450e-01
-3.101780788877220862e-01,-9.377318050426779461e-01
4.635318645041736629e-01,-2.066727194167067849e-01
-1.018857015678545697e+00,-3.366160963102629022e-01
4.088063601621728105e-01,-9.583448339119686743e-01
-3.104979652083565411e-01,3.459306877068060726e-01
2.805341944153894596e-01,-9.669978159500308701e-01
-9.134616058124508942e-02,-1.035662234976651552e+00
4.467618447507108459e-01,1.838079597799263110e-01
-6.803597446419742401e-01,-7.792843059743576051e-01
-3.609539861608513922e-01,-3.636793624267130598e-01
4.479934932712499318e-01,8.259737376613971449e-01
1.035205909802226598e+00,1.254128917430933632e-01
-5.046437096993540150e-01,1.900757794134743661e-01
2.726633016616218930e-01,-2.917403505249540618e-01
-6.790057577071696437e-01,-7.169721945475123759e-01
-7.884879861733223860e-03,-1.023775728067138457e+00
-2.646514819215279313e-01,3.281907880478237560e-01
4.770025947935224719e-01,2.873987760993075291e-01
-3.018612816367253204e-01,-3.948582930487279929e-01
7.024288360782993124e-01,7.288983916408724451e-01
8.226231661173287746e-01,4.863874248237626818e-01
-5.519605406488065080e-01,-1.665154422868900252e-02
-5.425930134639796870e-02,5.069874939427456706e-01
-9.875463929331577129e-01,-1.799466548070078054e-01
1.751344260184762303e-01,8.927563181040673035e-01
-3.303125650162794802e-01,3.722513279583882784e-01
1.741608996973996459e-01,-5.299933849436482269e-01
-9.967075691369204904e-01,2.341075267198192145e-01
-6.551749972277736561e-03,1.115930216938517905e+00
-4.818700415001043735e-01,-1.771235966282527219e-01
-1.037933262140071200e+00,8.938222685522730082e-02
6.498311772696411248e-01,8.853367202233185518e-01
7.448333506354108957e-01,-4.130874992237537069e-01
-4.887442721676512059e-01,8.121157069901210335e-01
-1.364095752966029418e-01,5.699033893528642203e-01
-9.029823460702689486e-01,4.313866950980165815e-01
-9.066801432014184869e-02,4.236693720938524699e-01
-1.032578308251170141e+00,-1.105119562024883262e-01
-1.066994150981939615e+00,2.101983995648266657e-01
-6.333685704156567509e-01,8.050551166335428999e-01
-9.457860622488307722e-01,1.426193209656677063e-01
-4.713330409196404003e-01,-1.663916194494142464e-01
-4.394993524409014363e-01,3.371790558786430525e-01
2.938637872867228551e-01,-3.728538772449750405e-01
9.337527159428752332e-01,-2.476183555507615597e-01
4.389678058263138949e-01,-3.440302807722280809e-01
1.025842511295121717e+00,8.337698677131327729e-02
8.486919618205661653e-01,4.094700838026865686e-01
3.856707486067482704e-01,-3.127137580592025956e-01
-3.531006448555352728e-01,-5.055428823995834486e-01
5.006722871170400380e-01,2.070751701586215632e-01
-9.926014886792789982e-01,9.430265129573137117e-02
4.814748812745663353e-01,1.675949123056433288e-01
5.362826013532958624e-01,-1.347837760177558464e-01
1.968464180965795729e-01,-4.679521819084168088e-01
9.354021470541674654e-01,-1.337745441495726828e-01
7.504271328492742033e-01,-6.697852848820944338e-01
6.999058543544901534e-01,7.079795910216664101e-01
-3.699925456333402196e-01,-4.142485556677403258e-01
2.442279558722255939e-02,-4.806810313419632719e-01
-4.029951026592636792e-02,1.004999603265603669e+00
8.255275045219898078e-02,1.020215877056736442e+00
8.212316589640855646e-02,-4.963012444369336307e-01
4.531359643183229813e-01,-2.251444158890778813e-01
9.213091235059911455e-01,-3.040549552670910871e-01
4.138773052007208020e-01,2.084322598180884945e-01
-2.018068053980681953e-01,-9.756184501304481227e-01
9.942119550713941489e-01,-9.042920646172397658e-02
7.948083732836396242e-01,6.109301824159143468e-01
-4.814214383111189988e-01,1.236847339082657177e-01
-9.162946412281468556e-01,-2.487050919693946649e-01
-7.203302964328743840e-01,8.214860308641648290e-01
2.182662135906569267e-01,-9.622462051336113653e-01
-8.804105965880498763e-01,-1.057273623728348100e-01
6.127025273825599527e-02,-4.642009445393021627e-01
4.591771096694039489e-01,9.258907088820015341e-01
-6.538356651235996964e-01,8.052937253211482904e-01
4.675943241755884383e-01,1.370740832945799292e-01
-2.763854518612448574e-01,-3.955584169546726980e-01
7.342019546376269412e-01,7.223018168402361994e-01
3.753613321361669031e-01,1.892602407239648010e-01
1.935039628385422927e-01,-3.537366174829602028e-01
-1.046724102678333601e-01,4.292925551004521112e-01
-5.322327647039667431e-01,-2.789002907544145815e-01
5.223140708770319662e-01,3.216539022949889415e-03
-7.536745440615705283e-01,6.636838192510878809e-01
-6.371612199849245872e-01,8.019867002428133773e-01
4.730393252002224047e-01,-1.281321228069597085e-01
8.922013071624952385e-01,-5.107022785839466783e-01
-2.204709769004540854e-01,-4.518108194668628008e-01
5.205141520126878030e-01,-9.023461288992250251e-02
-8.029823136880458456e-01,-3.448271962494930398e-01
8.352735216353088243e-02,4.674311193594626879e-01
-9.588612156930598207e-01,1.358008789998141896e-01
3.595967034655553896e-01,-8.989569017225093051e-01
-4.788974920844554228e-01,9.694802463133331827e-01
8.303869737842886622e-02,-4.947712996371314009e-01
9.714874936303362629e-01,-3.241549572896878506e-01
-1.527297735298575321e-01,-5.548380512338703108e-01
-1.113146711895583452e-01,5.234282605442217573e-01
-4.299184512839223093e-01,3.346274882447099475e-01
4.267126570213108927e-01,1.996411021453903811e-01
-9.458728299387949567e-01,-1.596195057727617383e-02
-6.187167223041649677e-01,-5.776488028817462483e-01
6.651137650991608696e-01,8.118567841469284119e-01
-3.705188849764357584e-01,-4.309229411361630291e-01
-1.767741477078189627e-01,-4.625355029404199514e-01
7.955723805321150977e-01,-4.683884644705120781e-01
-4.561081660424007311e-01,-1.963536026546539859e-01
-4.688229028678048138e-01,-9.270274079675553391e-01
6.981767128217711837e-01,-7.176868443647540508e-01
-4.837359322669426698e-01,6.266205074091774074e-02
-7.589672362728096255e-02,-5.151797434563702982e-01
2.503246867099935824e-01,3.787781890309679933e-01
7.473894045811566023e-02,5.687409286692456378e-01
-9.705130688998022670e-01,7.287950945743822129e-02
5.112997413799390545e-01,-1.567588037614724844e-02
-1.014409163126014146e+00,-1.230888168016224249e-01
-1.796968470810139662e-01,1.044340747976422401e+00
8.866302300301942552e-01,4.979473424767556500e-01
-3.237348843319261538e-01,-4.652938572719877985e-01
3.863871011025226676e-01,3.694426098839886929e-01
-6.700688145905089321e-01,7.307038150734324056e-01
-5.572588146171504608e-02,-4.840284405847249394e-01
4.960898570302177402e-01,7.380314976817331507e-02
-4.610100053245139717e-01,-1.144467615771926489e-01
-3.857402126378781104e-01,3.771620193747277083e-01
4.627167248082804107e-01,2.113994987753481380e-01
-2.173449256581621303e-01,-9.126251786365296992e-01
-7.220230588026278484e-01,-7.627045740045611533e-01
-4.658356727495985283e-01,-2.103998922495979307e-01
-1.552147201148242894e-01,-4.495915453568052333e-01
1.836155279686960684e-01,-3.728971041018779298e-01
-3.360881265939730800e-01,-4.792560435609055647e-01
4.328125253338944989e-02,1.047885187791854911e+00
4.853542444815038270e-01,5.177606122996746690e-02
1.014635302061896560e+00,-9.731357570955639913e-03
1.107345463104335292e-02,-5.508794751725472061e-01
-9.163557846900607373e-01,5.107706075596267770e-01
-2.217288365086327317e-01,1.033860110883134453e+00
-8.332870538630073043e-02,5.113659047408383174e-01
1.736323609888431041e-01,-3.800247637250798727e-01
-8.333458210576079328e-02,5.105641063720626205e-01
-2.551954394268514670e-01,5.078671831779596468e-01
-2.573404730500535864e-01,-9.929953822502929350e-01
-5.345718896973289391e-01,9.045107988781331265e-01
9.590894663078765037e-01,3.329954125630451567e-01
7.108845702286366031e-01,-6.683627405876072514e-01
-4.570899929499944725e-01,-1.191868408715067301e-01
-3.713564445806423198e-01,8.434482141210085659e-01
1.768169753864339555e-01,5.091670229908662471e-01
-1.259451151656381385e-01,4.812799864938013816e-01
-2.100938312549092135e-01,4.793034317262217514e-01
2.568939181205672981e-02,-4.714641540497360728e-01
-1.380353860918671072e-01,4.200768394940562755e-01
-5.556696527779729777e-01,8.019075500386982913e-01
6.828268722686150483e-01,7.302367296671441466e-01
9.404004286278484503e-01,1.642252488604102334e-01
4.226104213074129423e-01,-1.402703012129576099e-01
2.589341578040658121e-01,4.037683956709323674e-01
3.928504694489075577e-01,3.087108941692249808e-01
-3.537348892377771836e-01,3.372162273148009426e-01
2.411581708307827254e-01,4.039672763579160164e-01
4.866317621034531582e-01,-2.038356293068215030e-01
-4.016977107723007645e-02,-9.767525707638752275e-01
-2.773855891353340652e-01,3.297370859530468490e-01
-4.513537228057270534e-01,-1.863066425991870556e-01
-3.345769132504780030e-01,-9.854001576040828381e-01
5.426031366420888125e-01,-8.925653286364628736e-01
-5.671494310126524718e-01,-7.848328872805239165e-01
4.289287589597967076e-01,-2.482701261140581039e-01
-2.961771658687941122e-01,4.420892830737619406e-01
9.768375278025136499e-01,-1.364813414321830454e-01
4.934762861370570741e-01,8.578022271642227192e-02
4.683650908266890345e-01,-8.129914078456970672e-02
-5.300795023325489685e-01,7.596195639034500346e-02
-9.202696256712864509e-01,1.524200613388615455e-02
1.026953106403076174e-02,4.221621900904708458e-01
-2.998068604652022184e-01,8.590045099180059207e-01
-9.743489048903259953e-01,-3.382350512589301639e-01
-1.392480446845914821e-01,9.407244871416093890e-01
7.219510250017827646e-01,5.785200868030881960e-01
-6.408844362477093826e-02,1.036967588537641483e+00
-5.796690933936852197e-01,-8.001706964917197906e-01
4.288699916086836650e-01,1.654905295988118863e-01
3.548118156369933773e-01,1.071619919133296017e+00
4.007545655827631781e-01,1.062642094107143498e-01
-8.981302009061008507e-01,4.822740327973401020e-01
-3.042594804893899996e-01,-3.693915521855011264e-01
2.202121207991258878e-01,3.230963014782182174e-01
-7.819494061814936670e-01,-6.239554929969640673e-01
3.677335682813154816e-01,8.762352718090641313e-01
-2.536238348590320046e-01,-4.115810062321688667e-01
-3.575768628434403684e-01,-1.781536487673892610e-01
-3.726927666351355084e-01,-1.989076413517858188e-01
-4.061490791399055555e-01,3.552351434652584183e-01
-1.533637243410901629e-01,-5.393929840842974777e-01
1.017185694550235775e+00,-6.268160449976699355e-02
3.447517407953456514e-01,-1.036993701173596794e+00
3.086798624925137791e-01,3.849871898260000536e-01
-8.919256650006587850e-02,-5.094452266192900369e-01
7.683799702649843910e-01,6.362113146352651460e-01
2.916195218818040669e-01,1.075850555769575667e+00
-5.135049235649790100e-01,1.485443933837513608e-01
-4.952449997152941763e-01,-2.057872683637699540e-01
-3.584797814019199391e-01,-3.544982048867532098e-01
4.460330499669541426e-01,9.296069201400223303e-01
-4.633653651738107171e-01,1.763395070455230640e-01
5.257885142309642879e-01,4.794685032064657099e-02
-9.579926403926567469e-01,-1.546144522817760603e-01
3.498950798873127765e-01,8.507076706182922221e-01
-8.315043519868645094e-02,4.680875367643586582e-01
-9.023919080236042500e-01,-3.793336477067026369e-01
-2.844836235057446316e-01,2.527114082316548327e-01
8.046221956591576019e-03,4.918745838741763188e-01
-1.069040086352846863e+00,-2.354839960890340866e-01
5.413145176150292448e-01,7.068908709666889278e-02
4.011611507842970381e-01,-3.202030365951479274e-01
2.455833889580129048e-01,5.424721912326448958e-01
4.105163822813968910e-02,5.187067555284728959e-01
-8.999489934926552248e-01,1.658997875649018683e-01
6.743202190727830558e-01,7.861833072813206869e-01
4.952837372812626815e-01,-8.154707232710721732e-01
1.271672794585571031e-01,-9.519903859634315513e-01
1.006253409995990999e+00,3.053774808132730945e-01
-6.606735380922115208e-01,-7.783307179694045619e-01
3.318697299927200750e-01,9.285364931088473384e-01
3.069221468588306800e-01,-4.859986180138703427e-01
2.801889140929449407e-01,9.433999423588770306e-01
-5.538193885455296867e-02,-1.077625690257773883e+00
2.413085936894376338e-01,4.751046463151979982e-01
9.401596441391836534e-02,5.730923935157393734e-01
-3.946610119510361447e-01,-8.965975663782121963e-01
-4.272610019405552739e-01,1.698556804039497992e-01
-2.756736526872202719e-01,-4.710977526589816833e-01
-4.023226601684205539e-01,9.151960153954538102e-01
-2.792161615082167647e-01,4.623281911706592084e-01
-4.138712056941364348e-01,9.206246394613860629e-01
4.817467637904000732e-02,-4.703632930917373556e-01
-5.626064599076537887e-01,-3.591352205582906687e-02
-3.207843301303958117e-01,4.533962942682889796e-01
7.313464436799317347e-01,-7.703258413788243164e-01
2.650572364717760920e-01,-1.069975152327976797e+00
9.950877965732897457e-02,5.010582220041043255e-01
-5.015279596069912582e-01,-1.950863668772069570e-01
8.097910871377027586e-01,5.137266183540925013e-01
3.355977153886345321e-01,-4.271829367042354608e-01
5.338882335155443332e-02,9.532067557078236497e-01
-3.196000851083440897e-01,9.201129757061775605e-01
1.808207003611721209e-03,9.114166607229553518e-01
-3.693414642417124361e-01,-3.830863250989431368e-01
-1.196854576466042652e-01,4.742824986144542065e-01
-1.871429116844459117e-01,4.747793235702888470e-01
-3.259111036846022991e-01,-1.025639674103231425e+00
8.655424035768706226e-01,-6.187994989554798098e-01
9.081532454726568004e-02,4.193510979424424079e-01
-3.694536414590434137e-01,2.948032058890294183e-01
-4.827437312979948603e-01,2.218224893568501721e-01
4.454784696549657919e-01,1.250084275429726999e-01
-9.666705344771552300e-01,-2.623542403572230730e-02
-1.732104119927361241e-01,-4.530613795775050301e-01
3.027267109380648025e-01,-5.035638659423163910e-01
-9.703814812955461333e-01,3.449693164013524216e-01
3.183725149481927419e-01,3.984603343033825684e-01
-5.572205869618914731e-01,8.449187761808943931e-01
9.830515561263144519e-01,-5.810236393935241939e-04
-5.514734253488787763e-01,9.124647548744926340e-01
5.153359761039736364e-01,5.415608584632677913e-02
9.283005292750137194e-01,3.611973945346899084e-01
4.963977965654303159e-01,-6.349622892653802864e-02
-7.739020585397712870e-02,-1.016461733753360352e+00
5.255926610036633084e-01,8.793111370287366446e-01
5.819959776326568690e-01,1.231922711736984921e-01
6.276403103932268746e-01,-6.784061750895877818e-01
-3.452319609416467650e-01,3.316763321814549803e-01
8.990278235089221859e-01,-3.731128506247758381e-01
7.020782161149307088e-01,6.734625150927701087e-01
-5.213167199255429596e-01,6.024347268052177018e-02
-6.017384570197474858e-01,-8.033581718584332787e-01
3.988227390250879134e-01,-8.542248832813523207e-02
3.298893167904812240e-02,4.746701627910195898e-01
8.007136864101427332e-01,-5.910606631387905763e-01
9.860863119429251755e-01,1.656841465106711764e-01
-3.887029852591983303e-01,8.945001183894885077e-01
1.032331997993982231e+00,4.498146909859145337e-01
1.929417628144897146e-01,8.673261795930511386e-01
-7.710620529497129727e-01,-5.194783143796100067e-01
1.005553569282792159e+00,-1.170329372567662785e-01
4.615058505600009298e-01,2.886238110826028769e-01
-1.545297276751121385e-01,-5.448285852982350796e-01
-4.860149413934228835e-01,1.186452927748348068e-01
3.764501264139719083e-01,3.096145833141985548e-01
-8.062886779451440278e-01,6.303937203791438737e-01
-3.199398143100563585e-01,4.111894232836317276e-01
5.152487672953599829e-02,1.040204273371956312e+00
9.507879562246904781e-01,-4.213533804999420318e-01
7.010252746769607413e-01,-7.435092641236871192e-01
1.125216777986024486e-01,-5.350383473652726707e-01
-7.595951878241120614e-01,6.983648860547398973e-01
4.913564462458769322e-01,-1.211274812485007013e-01
-1.278134969529218790e-01,-4.172647273980462090e-01
5.140278713896226925e-01,4.867783686853632830e-02
-3.536519767967080674e-02,-4.882391554547182988e-01
-3.056257638664001686e-01,-4.878704869333736482e-01
-5.194632085501801888e-02,4.746580776565824111e-01
7.447766367222854456e-01,-6.633588381431304581e-01
2.992788058776303384e-01,-3.772814401077713153e-01
5.500344618718623346e-01,1.989189542062812510e-01
-1.664532256331343330e-01,9.133205317423463976e-01
-1.021316067341242029e+00,2.994208740248665013e-01
-8.278934685317179687e-01,6.066399542703236891e-01
-1.876751954665192845e-01,9.699913326578437633e-01
4.492515506354271548e-01,-8.526320480480223396e-02
-7.673161930720771018e-01,6.349440717864107686e-01
-1.024034646523744208e+00,-6.063680047968023068e-02
1.688867133223458938e-01,9.411756122561326654e-01
-8.974856643552909796e-01,-3.619626357148172935e-01
-3.328733833671101427e-01,9.660198730087563579e-01
3.923459341529392796e-01,-8.978026176467315267e-01
1.044408036980382759e+00,2.273241692692004046e-01
-3.670362707520500312e-01,-8.383498568975369380e-01
-5.045707308983266026e-01,3.264779115067593246e-02
7.802747584542165660e-01,5.322320535991671431e-01
6.798920113449816727e-01,7.089612737076591564e-01
-4.391291230261091250e-01,-1.243039982137215810e-01
-9.566240167870150302e-01,-1.220369518519690277e-01
3.543460236115475448e-01,3.793914952608210545e-01
1.030653581877013503e+00,-3.546150884606169562e-02
-1.006928912500640649e+00,2.280211856548121710e-02
-5.189463449363550529e-01,7.717446890418689920e-01
-2.193565718283165267e-01,-3.719947209689870027e-01
-1.946377402331350703e-01,4.316721420661550623e-01
-8.053555656570540178e-01,6.007139657636110242e-01
5.089902908355445343e-02,-4.628518599493131047e-01
4.322219953153800809e-01,-3.174500691607872183e-01
-9.884727910030352005e-01,-3.452467138966340277e-01
4.611392105322233981e-01,-2.098259417308697139e-01
6.176013562565728365e-02,4.810553158302758869e-01
9.843207418914688978e-01,3.318834266831999780e-01
-1.926019030131540521e-01,9.968002196411972493e-01
-2.212798326497482648e-01,-9.409935135263718387e-01
2.199540118844605929e-01,-4.903779534323701728e-01
-6.041914263401728657e-01,-8.778820093898515031e-01
2.380722929033972646e-01,-9.351669917602905002e-01
7.006461358275438700e-01,6.427979975293209858e-01
-4.486596560305002868e-01,-8.756377555201368956e-01
-6.790508278164232303e-01,7.049649132989640465e-01
-3.231948404311401069e-01,-3.349814190940217928e-01
2.903469442673916046e-01,3.292496624741373390e-01
8.026176147219991064e-01,5.521080538615761313e-01
3.500582882172610655e-02,-9.339544447386822767e-01
9.487270073225625988e-02,1.014236448615160269e+00
-4.614805634594087436e-01,3.280483363760929028e-02
3.745493767809946473e-01,-3.954261176022015878e-01
-4.976687013095737466e-01,-8.669745161578817916e-01
5.649797487472482116e-01,7.714217590043137562e-01
-7.552556057653850852e-01,5.919528421629578485e-01
8.530363881141597160e-01,6.203067597854301507e-01
8.810308691151086391e-01,3.688120288257152324e-01
-5.195801139015040482e-01,6.320380691793102412e-02
5.162445758406301044e-01,1.003676578549821952e-01
4.501051160249494032e-01,8.752253139418433858e-02
-2.084342809024679610e-01,-3.731022273587455418e-01
-3.114489038568681867e-01,2.788939174188740378e-01
4.036830627289395568e-01,-3.562289112782460188e-01
-9.736835032024937497e-01,3.989286943118964812e-01
2.017842664568826050e-01,-1.004756644767218043e+00
5.583428332963907836e-01,-7.407526616760482518e-01
3.440155994956482083e-02,-9.509403365256764440e-01
2.459647810075509256e-01,4.407941794037404382e-01
3.555026310316405924e-01,-4.300355010009686008e-01
5.534354063388897682e-01,-2.463662425847454596e-01
-9.913334913252942471e-01,-3.172650644753621796e-01
6.421147160493221318e-01,-8.542155593638254274e-01
5.501479835436733357e-01,2.476116115627063907e-02
4.513978868724656812e-01,-1.910568262528312133e-01
-2.085000460962457836e-01,-5.145506748215697979e-01
-7.222735547078934504e-01,7.097572474188411640e-01
8.946694969979619716e-02,-5.057518509431301323e-01
3.206877025109592938e-01,1.830107630192923662e-01
4.967223525572466714e-01,-8.917019523915724610e-01
-3.720668789327975512e-01,-9.096226683566425164e-01
2.419961241368694393e-01,1.051972409927829588e+00
-9.581434282687696369e-01,2.752673781762202121e-01
3.702308893932471645e-01,-2.989057235419645964e-01
-5.970105243614042267e-01,-8.482026307986321179e-01
9.310797214346335782e-01,4.147523499866730412e-01
1.010476528844890698e+00,-8.631023395532892717e-02
4.872094152094824659e-01,8.645065649140989406e-01
5.550378685182829619e-01,5.401706357777226464e-02
-7.040310290604671062e-01,-6.676637251617730806e-01
-1.546942220003468538e-01,-4.740384485165671236e-01
1.333002993694854810e-01,4.947014195654487190e-01
9.000480532635496411e-02,-4.764262364719132892e-01
-1.934239452041482468e-02,3.990136231959308111e-01
-8.698000218044997789e-01,-4.899992277378149574e-01
3.583994458014968382e-02,1.031111395096936167e+00
1.819525456916271100e-02,-9.850327148650500630e-01
-2.995415894222264730e-01,-3.107517700520250337e-01
-8.999809162191932943e-01,-3.957387381313934305e-01
-8.993601606135268600e-01,4.026924287635467170e-01
5.858840735377348619e-01,-7.796930496180259906e-01
8.093346859181650421e-01,-6.388179725903074813e-01
-9.744109392038116102e-01,2.580787480935679556e-01
-7.212764315067279330e-01,-6.081320188991390374e-01
-1.841708389995801165e-01,3.842475990306273292e-01
1.066469642582515309e+00,1.777119131689822995e-01
1.324969620253036717e-01,5.069933724934887476e-01
-4.574995181602688477e-01,5.617457364992606283e-02
-4.700252606275499012e-01,8.222048787966985961e-02
4.355194801891307255e-01,-9.211392542841448372e-02
3.011915634954187015e-01,-4.680539583343711896e-01
-3.789805108070489759e-01,3.121094582311290666e-01
3.637423504389211137e-01,-4.113275664864665115e-01
-1.008506339452480471e+00,2.033031403429340633e-01
-7.386265417804103173e-01,-7.452013091170270886e-01
-8.998888464609331450e-01,5.378529811149233009e-01
4.515937189287125841e-01,8.734137999795474339e-02
2.892439882748305824e-02,-5.278912289886357190e-01
-8.351588707709418635e-01,-5.543723452947921793e-01
1.344787085254524062e-01,9.262803272158588452e-01
9.482055563414212296e-01,-4.455228839545098962e-01
4.749114410646908535e-01,-5.619528554664829367e-02
5.110503234560976882e-01,9.186049520588507322e-01
4.600292781531916675e-01,2.991287637901206553e-01
-1.789947401646860836e-01,-3.958466310489665019e-01
-4.138528396521460317e-01,-3.324902756196679299e-01
4.290561798288433648e-01,3.158310394504852958e-01
7.448403564669565657e-01,6.359921106293267012e-01
9.671980798746634966e-03,4.907525047548610964e-01
-3.705375491883076133e-01,-2.373521053874816655e-01
-1.003524375034402505e+00,2.957000615346940808e-01
-9.296243339847445331e-01,-1.847364964487058780e-01
-3.143129357187012807e-01,-3.668782907126035830e-01
-1.014433888961707941e+00,-1.213279051247125456e-01
-9.895139394951192324e-01,-8.005695926732653289e-02
2.257261811543671004e-01,5.332676817327998142e-01
-2.838935747649164870e-02,-5.312099596023165393e-01
5.960540226485543380e-01,8.754766720951807635e-01
-2.317788861745514462e-01,-5.224814350769571014e-01
-4.817225695601997648e-01,-3.871491947030107628e-02
-2.527891035112057039e-01,1.029408989367694316e+00
-9.702629230802922722e-02,-4.287606960353908536e-01
9.441883091414017271e-01,1.957828635481261570e-01
-3.120667151461286037e-01,-2.904747847110982772e-01
5.333062378173012430e-01,4.016335574274291359e-02
-1.064723112941656114e+00,-1.100846676661710183e-01
-5.403231180280672064e-01,8.053003119333578264e-01
-4.533967616848251780e-01,8.410644156228995749e-01
-5.228739646071302039e-01,1.175716353196621933e-01
9.095421286879991074e-01,3.194625383119312767e-01
2.334125736168934928e-01,-9.483463097274992259e-01
7.357924811247295027e-01,-5.656541085556501258e-01
-4.260964606866616267e-01,-8.600082861785648403e-01
3.062036484858674523e-01,-3.764644803398150552e-01
5.137967888831327379e-01,-8.031508411437240924e-02
-5.670289637291372475e-01,5.077067338364341792e-02
-3.571611781406794361e-01,4.331394361980239194e-01
-3.675616184978867107e-01,-3.367620303302190088e-01
6.123124223688365397e-01,8.326453256218542265e-01
-3.324393473938386245e-01,3.817836190080038383e-01
-9.543113110228504947e-01,-2.440509999490622639e-02
2.169489160297671804e-01,5.197440531960892951e-01
4.883135940689555254e-01,-8.710155085607730330e-01
-2.451322639390760005e-01,4.107207656794845119e-01
3.517141796208837490e-01,-9.247849869732185368e-01
-3.186504479192873995e-02,-4.338480441627319828e-01
-3.656790588584128421e-01,4.466562845625435263e-01
4.781036141463306799e-01,-8.668736123274679573e-01
4.556183957389162709e-01,2.477564404573063817e-01
1.691626713634600543e-01,4.199250045178498647e-01
8.408988413897752201e-01,-6.740920124297444804e-01
2.219978518123990607e-01,-1.013374015830888153e+00
-3.924591417152382133e-01,3.409253223272585842e-01
1.028387422524412731e+00,-2.040171459880309457e-01
1.313999655468118810e-01,9.483424768680847050e-01
9.390014031777977888e-01,-6.758746582580157369e-01
-4.605505423267439724e-01,8.843349911047526657e-01
8.763362259655945730e-01,-4.466129561742661069e-01
-4.191941988803634667e-01,9.156464445957510079e-03
-3.692477951579506423e-01,2.476238423282766943e-01
-3.052138906255578155e-01,-4.661319960948893115e-01
2.668178447848933987e-01,4.749270657770687798e-01
9.536328080365216175e-01,-3.187028095532804528e-01
4.827221180792119481e-01,-1.072492548486147224e-01
-9.040478455724846318e-01,5.077192712531254370e-01
4.398478158473552169e-01,9.076314531760819593e-01
8.404874968908401800e-02,-5.291690512786098033e-01
2.374566153830651449e-01,9.954163541089439127e-01
-1.738778152011870581e-01,-3.954298420443070894e-01
4.501558498725369839e-01,-9.588533390175413285e-01
3.368249322763909315e-01,9.919517799861263807e-01
4.602415216047828217e-01,8.691541119171710683e-01
-3.337137854754735344e-01,4.288978843523274520e-01
3.668387363816496549e-01,3.219655603768897256e-01
3.911691779251238454e-01,1.042265297597022161e-01
4.477701877083726245e-01,-1.028607754713243061e+00
5.400660220005024659e-01,-1.190124395336794594e-01
-2.433429149480750842e-01,-3.984684137771378754e-01
-9.177458653285797130e-01,-3.388198433575094204e-01
7.218819453450698864e-01,7.538405309965937606e-01
1.001621294877771851e+00,-8.873973610010386925e-02
-9.844829228065934412e-01,2.646242957657461981e-01
-3.600187766058260408e-01,-3.820351283938770992e-01
4.054060877208011671e-01,3.177998510416191191e-01
4.061079147016222191e-01,3.192879828768183659e-01
4.731524961016680964e-01,2.857919712956859259e-02
-7.448372173846669331e-02,5.569674655005343311e-01
1.095336346790877144e-02,-5.660837703995711401e-01
3.932574284576098589e-01,-4.146745686022003663e-01
4.071587112539926112e-01,-2.238225176232262192e-01
-4.176328061374695033e-01,1.893065739912224710e-01
6.783469491247430261e-01,-7.288996310768068865e-01
5.776531218299065795e-01,7.734246885734288313e-01
4.662334912518991681e-01,2.305731337943204284e-01
-1.636360781119873820e-01,4.871341080530837697e-01
3.705019669892806733e-01,-2.774195598400155394e-01
-7.405247310901620361e-01,-6.360812723540369973e-01
-4.336902951222675329e-01,2.966917253706341517e-01
2.029762861418768216e-01,-9.380220565684571632e-01
-4.158488044167588105e-01,2.203146455038430818e-01
-4.492953648913532438e-01,2.030806192424489676e-01
-4.957969757331526228e-01,-8.175179328950509250e-01
8.742159275816638875e-01,-3.773430048372232171e-01
-9.837548566976190845e-01,-1.540151813664879243e-02
-1.244270692182663784e-01,6.012321045400365049e-01
-4.857386379848518398e-01,-2.450962060317719848e-01
-8.782362052081209569e-01,-1.822262195557881603e-01
-8.813328435950004147e-01,-3.181213309481792373e-01
-3.905997637045063309e-01,-3.501819315130590970e-01
8.172882998132277588e-02,9.965574862884251095e-01
8.916659069378397584e-01,-4.788446294995792885e-01
3.651138824734149191e-01,2.265719359265144228e-01
-8.812446294418220250e-01,-5.136952444043718646e-01
5.089378730422413621e-01,-6.203218013473506265e-02
-1.010587331251073528e-01,-4.631961034576718150e-01
1.010468875911021192e+00,-1.651369314678210465e-01
-6.078857283689880209e-01,6.673110292030314250e-01
-4.648741293066033786e-01,1.074244871857948369e-01
-5.313133208116717077e-01,3.952010550731584193e-03
5.955369753655228582e-01,-7.640542691486046367e-01
9.424253415316151683e-01,-1.256521321571523742e-01
-6.484832934239935787e-01,-9.182326931434021677e-01
9.166699908097203364e-01,-5.560772999122266524e-01
9.926090984536821704e-01,2.323678691800747358e-03
-4.638463488844907917e-02,5.562412077761803575e-01
-4.760012470716922239e-01,-2.069583103503940813e-01
-4.549445455932513149e-01,-2.278824895024869068e-01
-9.831949845991020398e-01,4.135746179641065501e-01
5.839451597302867114e-01,8.845358664892438716e-01
-1.905002739702639503e-01,9.062927689280075860e-01
3.307121448869522196e-01,3.008510723293265077e-01
-4.957598481365715348e-01,9.887112726330445911e-01
5.439638473625211246e-01,-5.929720130668407474e-02
-3.582870100119965318e-01,-2.645721704335730062e-01
2.232747641718069720e-01,-5.346661484425998534e-01
-5.418454633358931183e-01,-1.222017552957836567e-01
-1.250654950288392353e-01,-4.330617178396699019e-01
-1.016218305501945585e+00,2.993477398839695935e-02
-5.043389371415462064e-01,8.665652009318489668e-01
9.501247784167393684e-01,-1.218319923809725869e-01
9.803628655803576786e-01,2.674970203810146940e-01
3.941813554416057630e-01,3.911812062157066228e-01
2.309026695122240458e-01,-4.071074451487322610e-01
8.498272626543852404e-01,-4.849245530576764551e-01
-5.366311835876448333e-01,-1.849242433829769439e-01
9.844194551962516249e-01,6.579606154229028503e-02
4.618526021038922291e-01,9.349056716166840308e-01
4.169007992787608918e-01,3.340804002255083893e-01
-9.465897974500280254e-01,2.051272192184858678e-01
-7.417129446414382210e-01,6.154760197129555133e-01
9.263942458649019329e-01,-3.767588206913159432e-01
-2.847630902755862170e-01,3.180663514766403632e-01
-8.044599794017076588e-02,-4.630936602623986209e-01
-9.923886207510222990e-01,4.612383643196522193e-02
-2.767080292454238699e-01,-4.409529071934582545e-01
-3.324155362464034091e-01,9.246145250050390452e-01
-9.450885783934211970e-01,2.878787069961747935e-01
-1.031222325836610165e-01,-4.622342566967227451e-01
3.113537216308365774e-01,-1.044021413733943415e+00
-7.711811963136353532e-01,-6.374711959668686312e-01
7.709714198932043905e-01,5.187560363161153321e-01
-8.622203968378397421e-02,4.277306729100268101e-01
-4.662265473680080041e-01,8.726733989219381815e-01
6.909389916992738634e-01,-7.856886741201297708e-01
5.487323637197396575e-01,8.005968379895438414e-01
4.440449234965747616e-01,-8.690420015125449593e-02
3.910393601104807937e-01,-3.781057746387720964e-01
1.425214586548789741e-01,-9.586758040711620410e-01
5.103871664662087415e-01,9.296777871490788936e-01
-2.848637836019922709e-01,4.971432592270482731e-01
-4.084160167221810855e-01,-2.857120921149746695e-01
2.815642176154997678e-01,3.518073011714321074e-01
9.927143800245203931e-01,-3.328311575482765794e-01
4.544321851688468139e-01,8.698612065303198415e-01
-2.582807030732695019e-01,3.042449210989053299e-01
-3.254064240072384040e-01,-3.449186986965516732e-01
9.847752667070647226e-01,7.472401673308363967e-02
-4.779035119230519157e-01,-9.090288634567348369e-01
3.202537529876616773e-01,4.090009738349949520e-01
-4.222189991236212359e-02,3.797672351217845632e-01
6.141951986285114629e-01,-8.277244008263672237e-01
4.022109835608939782e-02,3.267418481323356438e-01
-2.743365753554259934e-01,-3.451695929768494597e-01
-1.003708699005950278e+00,-2.505609419493322054e-01
4.740026713749364573e-01,-1.101486282364911584e-01
-1.077145840108687747e+00,1.934230133679435970e-01
3.273662619238667526e-01,9.456886538053541624e-01
-1.027258357432294655e+00,3.021118901070463103e-01
-8.974353521513054321e-01,5.885094842357623257e-01
1.068341805495819641e-01,-4.198102791507433151e-01
3.574768532580328007e-01,-9.504127523376643127e-01
-4.602221136240319810e-01,-3.077448524532464535e-01
-6.593308526273146120e-01,7.261686263163757982e-01
-1.255603937787155844e-01,-4.632627720416095385e-01
4.451073380948232239e-01,-1.576537597265021962e-01
-5.680305930758522415e-01,1.950848502088428360e-01
-1.014985981057725528e+00,-2.354207937577483811e-01
-7.014181211541787864e-01,-7.507305489694974243e-01
-4.057169167123049758e-01,-8.947728254966963446e-01
-1.795602899499318394e-01,-1.004726944573167247e+00
-2.202064111043526284e-01,4.350166018500261633e-01
5.392226239864450488e-02,4.675733046884129607e-01
-3.487873300064825433e-01,-1.695444508532653882e-01
-5.354141798339627500e-02,-1.082161690846608959e+00
1.167421366244835723e-01,-5.241745992182140768e-01
-3.534684956082379537e-01,-3.421558665707626345e-01
-5.424393666151939852e-01,-4.368928722679202292e-02
-2.633672238749038344e-02,5.179382060302523128e-01
2.179942856410515273e-01,9.202576301258900138e-01
-9.816479162488093158e-01,3.153219268787125773e-01
9.058778189195103581e-01,4.519229574748009348e-01
-4.648607725880625208e-01,7.022445465846816059e-02
3.608959163616115018e-01,-3.423956261446566840e-01
4.185997254848909388e-01,-2.588132191212446642e-01
-8.064250502313072833e-01,-6.621857184210959701e-01
2.717350259479512919e-01,4.335907700132463072e-01
-4.228130348112912884e-01,-2.567242031597850027e-01
1.095037371041095026e-01,-4.576099747529524531e-01
1.493502462958760657e-01,-4.903841433862274335e-01
-8.991817554674442770e-01,-4.703143145187712038e-01
4.673070527792771434e-01,6.130361868070383080e-02
2.432845393225782082e-01,3.335001434073855409e-01
3.075203000802588238e-01,-4.088441463380679819e-01
4.286113157544967356e-01,3.073050048624839659e-01
-3.387549613832765982e-01,3.826767019576357010e-01
2.769465600685188100e-01,-9.216002115356852764e-01
-1.924482568669814292e-02,4.973743621655981051e-01
-9.541310598564959333e-01,2.176981283274934398e-01
-3.449011371478777344e-01,-4.453519468086244992e-01
-2.921736185803036068e-01,3.099399528810309890e-01
-4.945433857267023670e-01,-7.349387336275892135e-02
-7.284768547713901254e-01,-6.505038438605939000e-01
-5.145477936229394533e-01,-8.988435527245636214e-02
3.608158581934599596e-01,-4.079780735266168579e-01
7.394960056520458735e-01,-6.850081384089259373e-01
6.775982682876999230e-02,-9.340158966616461944e-01
5.763558571724787249e-01,-8.105856956423513893e-01
3.210062294206820765e-01,-9.725348585133948287e-01
2.130109976858040044e-01,3.887026031419288929e-01
-7.451595566978590490e-01,-6.183412762232989301e-01
4.915013731654304663e-01,1.181169795822576973e-01
-7.969727849664509645e-01,5.952787655512048470e-01
-4.584365912706892671e-02,4.688153085365352468e-01
1.001156859439155999e+00,-1.781352275377507954e-01
9.428859880160688212e-01,-3.515568564033428878e-01
3.318334661718930767e-01,3.306231389000194310e-01
-1.415534670765782599e-01,5.569379989067623216e-01
-4.774033265285592686e-01,-1.611006525402563783e-01
-3.695102743378106402e-01,2.441897628895287053e-01
2.425612928252164902e-01,-5.776556386283147049e-01
-7.331187496069072607e-01,-5.874803247815880702e-01
1.782096274655737278e-01,-9.817408953531241433e-01
3.487041616106500430e-01,9.357860366961837650e-01
2.522146429065094120e-01,9.753010964358143076e-01
-4.937872977777252870e-01,3.742823361189676762e-02
5.505403212426289716e-01,-1.001110530216921674e-01
-5.047812661007619051e-01,7.993300894920898902e-02
2.734857564783841344e-01,3.337080094456229551e-01
-1.499936548844102990e-01,3.886547736594037072e-01
-2.477347903903036885e-01,-5.491314937643797522e-01
4.559404876293032816e-01,-9.037259097676622055e-01
3.582946929382859746e-01,-9.323584612958594198e-01
2.247319408439700239e-01,9.646385495816321987e-01
5.384656164659137323e-01,7.302613561041837453e-01
-3.437362103696953719e-01,2.796589181870435259e-01
4.449416933659038897e-01,-9.165376968845052597e-01
-2.316855148194861824e-01,-4.222612752717758156e-01
-9.784185998238401627e-01,3.252866939012473146e-01
-6.556430920391698169e-01,-8.108517209756431754e-01
-4.260418185282607295e-01,-8.780732868582739048e-01
2.912814146039388041e-01,-3.812666348239102665e-01
-1.357384241691642623e-01,-4.941856880670691399e-01
7.058224053759678540e-01,7.362908111501162978e-01
5.165333217930003773e-01,2.699743018081572354e-01
-7.675107982544986385e-01,-4.252389101997364751e-01
-5.236013431323209844e-01,9.215817331078980656e-02
1.000695021502481685e+00,3.149662716665124762e-01
3.016033827543522783e-01,4.210539227783177685e-01
-8.159953348174035781e-03,-5.445793985243544411e-01
-6.430823457559696477e-02,4.503831685063584001e-01
8.587907377840208190e-01,-2.313164528715087043e-01
4.873218369270004291e-01,-2.324504917661286418e-01
4.404795868212525445e-01,-2.516607589816308721e-01
4.762266584284872151e-01,6.886469916805010305e-02
2.261604465921383533e-01,4.390809500835145540e-01
-2.671023910069962246e-02,-9.466139806238091925e-01
3.293553711502035797e-01,-2.605826212459659286e-01
8.003597166459467394e-01,5.618588466590617170e-01
-3.905596330217555590e-01,-8.899590764794588216e-01
-5.069425146289547879e-01,-8.836989173045708412e-01
-1.034388905087365584e+00,2.876853084581661446e-01
-3.427193135413993952e-01,9.771521969568121024e-01
3.551056650602451015e-01,9.321318968315679410e-01
-3.978984385475191621e-01,1.883581909236338725e-01
-5.304868741024071355e-01,-1.376997980344467909e-01
5.241058723834872701e-01,2.398869081230252109e-01
-4.724268079093462136e-01,-8.569322036234067186e-01
1.100461088340151383e-01,-5.214388559767626496e-01
1.522088370373778365e-01,1.061591855611959456e+00
4.923735389837838317e-01,2.390536243108151437e-01
1.427100106607899488e-01,9.044046611603572261e-01
2.087480384648239540e-03,-5.340163816558077814e-01
2.386327228237851428e-01,-3.485593665185198198e-01
4.625934368936661656e-01,9.250180870145736645e-01
-1.257804149267039567e-02,9.571597862288132585e-01
4.546155389761031285e-01,8.643791324610918814e-01
2.686531034855544897e-01,-3.778594749407542808e-01
1.901295687239184795e-01,4.788958931522388496e-01
-1.235656515810220346e-01,9.606444317822606660e-01
-7.925956840643907375e-01,6.695923041475715376e-01
9.658155029931719815e-01,2.886788593690804428e-01
4.376990128914350353e-01,9.782291750990991519e-02
-4.128235869090466914e-01,9.599612265565246050e-01
5.762569672002512133e-01,-7.407431014767024147e-01
1.068025397436505930e+00,2.673845144886731751e-01
-5.773114499133386035e-01,1.207107367352878435e-01
4.072825532439441343e-01,-2.124441468998107818e-01
-3.972100932895794023e-01,2.340019507938189414e-01
2.522262258023627579e-01,5.267894692086396713e-01
-8.741499259609328831e-01,3.393541987137725924e-01
-4.135846553779275458e-01,9.157408647828425841e-02
-6.243718124202687902e-02,9.820641081223104862e-01
-9.353648003753325391e-01,-4.760333707824145333e-01
5.335937362545841722e-01,-5.521977616335723565e-02
3.456778772443950265e-01,4.430377969332550681e-01
9.281016293530521821e-01,-2.022796185190744722e-01
9.650323552500603141e-02,6.036939062944591816e-01
-7.955260677354137888e-01,6.572468826540599496e-01
8.282825511362182924e-01,5.613308007987849457e-01
3.766832495902176503e-01,1.946403901404845094e-01
-1.772828515966994589e-01,-9.867082401869029518e-01
-4.094097628441256687e-02,4.706085568223187243e-01
2.765903016941435033e-01,-4.429120932660041698e-01
2.711311209447824777e-01,-4.567006379047535702e-01
2.543830085307055011e-01,-4.533835600952557665e-01
4.164010769690962843e-01,3.428739390666637465e-01
7.300084695519545308e-01,-7.144533907624318614e-01
-2.904832208262280169e-01,-3.782478128908509096e-01
2.241817223079588528e-01,-5.263004328848684965e-01
4.680042626873391898e-01,-8.502999453157320531e-01
-4.751016981745073142e-01,-2.017553759021961379e-01
-1.506101628195990194e-01,9.641982101573534081e-01
-3.745760679119146674e-01,2.968888826715057050e-01
3.261265323910236269e-01,-4.034445321417853836e-01
2.932392817583390210e-01,-3.586462974891976296e-01
9.774001580974055470e-01,-2.466361590868762776e-01
8.394354770906706786e-01,-3.909647517743153888e-01
-3.126020855187004455e-01,3.290956962036568068e-01
3.961095613252607617e-01,-1.886528637077872772e-01
-3.458104917442679782e-01,9.797689512604810247e-01
-2.352389804899212844e-01,4.247125520076532323e-01
-1.211384002447529473e-01,4.925468868205255535e-01
9.200012528745967755e-01,5.799079713331372066e-01
9.565403932702015721e-01,1.906867751665323185e-01
-2.748756815638254136e-01,9.896496460021823038e-01
4.377217322621668183e-01,2.435994024859668983e-01
9.910459800357217519e-01,-1.199064738473474556e-01
-4.569113865699753196e-01,-1.062297500967331887e-01
5.856204555855833993e-01,8.289321799366791144e-01
1.538006097707386166e-01,9.285925813908578741e-01
4.620568561974865429e-01,-2.905462734920053469e-01
-2.170435895759391387e-01,9.902771807066813592e-01
-5.843469387806856652e-01,6.946654323159887623e-01
9.364319480143830088e-01,3.876434414737159884e-01
1.892247628828167827e-01,-9.330636408113867075e-01
7.774416146922219495e-02,-5.558273287841448695e-01
-3.661226222277988995e-01,-9.222180566857822726e-01
-7.614754981699956016e-01,7.041488744593712434e-01
-6.997248070861509239e-01,-7.343980021614702203e-01
4.393029986768994810e-01,8.192471051221251743e-01
5.576731225831392802e-01,-7.941089167979782648e-02
-2.650552731541267470e-01,-6.046867965072392215e-01
4.542261412641091650e-02,4.856910658220052190e-01
8.713932680007281384e-01,-5.975382084843067210e-01
-5.786525195691996082e-01,-5.195622102706684564e-02
2.108038098455351783e-01,4.003186084297271630e-01
-5.140110144864165620e-03,5.872651729444182678e-01
1.021575787053499162e+00,1.753188525224563532e-01
-4.932163664666872060e-01,5.860156258690186332e-02
3.918302842429696176e-01,1.011464058941045074e+00
1.121985395113253015e-01,5.058857756981739451e-01
-4.946878788377851999e-01,-1.662694946881219937e-01
8.794315718091758605e-01,-4.085102132880185088e-01
3.286770479173991566e-01,4.011181468705625197e-01
2.396822661592871440e-01,4.197712685148191625e-01
2.190652879091436189e-01,-9.357139469416597688e-01
-3.259620226412976995e-01,3.354665859713873433e-01
4.105678047660194507e-01,9.036438120743360836e-01
9.546727969199828578e-01,-3.199071064397604469e-02
-1.654288481879225003e-01,-4.451674580197311770e-01
-3.087580561611729113e-01,5.060772670696572773e-01
-9.491416134122189208e-01,4.100752086345992864e-01
2.517886977024012124e-02,1.086534313049926759e+00
-2.827305169681193497e-01,-4.015888411276524739e-01
-7.519149502436730526e-01,-5.402389080496970974e-01
4.015277852975934203e-01,-9.546216086038130655e-01
-3.258379367606309973e-01,3.205848522018192037e-01
-7.890710363088655477e-01,6.527884346713815900e-01
-6.726270095990283249e-02,-4.152114636542675874e-01
-3.427627026330068993e-01,-5.004729657021960154e-01
6.146546465548329286e-01,7.728277185753008593e-01
1.939134843645325956e-01,-4.163937433533924648e-01
5.987472494531428380e-01,-8.979631529709126703e-01
1.794920693685023161e-02,-5.499165812979622814e-01
-7.778634455289235028e-01,6.819013563109407317e-01
-6.229349624981495026e-01,-7.761482005989321920e-01
-8.421531074663571870e-01,-5.136145282590551808e-01
-3.423609833985132855e-01,-2.854851163334580777e-01
-4.793402133152931399e-01,-2.577592674032310738e-01
-6.471127841400526881e-01,7.089005218569248701e-01
4.041610007694463880e-01,1.788054268685407844e-01
-5.922134832310022023e-01,-9.523454324531750725e-02
-3.311769961843001875e-01,-2.719720866568200446e-01
9.779674527972577192e-01,2.157543501367196470e-01
-4.522415893528337061e-01,1.192739151375282469e-01
-8.983056327026216481e-01,5.468229947322867934e-01
4.703854155892194799e-01,9.773244817451208488e-02
1.074444804149431665e+00,1.202409900824676220e-01
3.110087304494365545e-01,4.772277281624783818e-01
-4.989920971008069417e-01,2.307060716498836872e-01
5.538317478463311572e-01,5.585580131845280238e-01
4.368596148519028333e-01,1.561434159334995631e-01
-4.444440983055747973e-01,2.497527040254441943e-01
4.865191528697048740e-01,-1.060073678079075238e-01
-4.212827169668757477e-01,1.806230116415601938e-01
-4.060014560679726103e-01,2.477316880638901764e-01
4.508686546011204110e-01,1.659083877572892496e-01
-3.679943944994130273e-02,-1.048836557149077864e+00
-2.048062782637341817e-01,9.918144426318553641e-01
-4.693189689450317781e-01,-2.373105976180471532e-01
9.601483829305983431e-01,-2.957242373458484480e-02
2.907589165019953126e-01,-9.311057950294099328e-01
4.578848157653986894e-01,7.277508653428137464e-01
9.908294431675277458e-01,-1.099174185528095093e-01
-2.000704738247359796e-02,5.458161591724183248e-01
7.093078857047462327e-01,8.742971566661186245e-01
-1.010976609088196421e+00,-7.478444193826756792e-02
4.733136068241375338e-01,9.261399546573876318e-01
1.045204327345908180e+00,1.663207752612736734e-01
3.880594756859799266e-01,-3.126116494052174621e-01
-1.102715323980575091e-01,-1.061526002208081021e+00
-1.022782859788412768e+00,7.100061507637707436e-02
-8.798558372670097771e-01,8.920222238331554365e-03
-4.421368088841570732e-02,9.357433115068268803e-01
8.525824951314943390e-02,4.727179778933248699e-01
-1.010090335894716196e+00,8.449324640195951530e-02
-1.539194328693465064e-01,5.073307481826939691e-01
-9.148013474047848037e-01,-7.778709583835298480e-02
3.975521802704852226e-01,2.534581026922588798e-01
-7.120753466337839677e-02,-5.840399279514785214e-01
-5.861125363264223509e-01,8.220006487944889750e-01
-3.158484560623393000e-01,-4.283981505945821944e-01
-4.752014832705677705e-01,4.585575418385103019e-02
1.190772746054933606e-01,9.583405254888421876e-01
-4.970314534574180043e-03,-6.331328466144361400e-01
-9.149648572446864025e-02,-1.063429023773427406e+00
-9.772507054847168195e-01,1.459863416551509044e-03
1.059944684267480897e-01,5.351262319231636644e-01
9.066816857153443543e-01,-3.626885662171463465e-01
4.196388350247278742e-01,2.272650109171494570e-01
-1.280938964884098530e-01,4.437807082204712206e-01
-2.361733553721672985e-01,-4.217468575490349036e-01
-5.617045517607491822e-01,-1.497252470078788700e-01
-3.991437812684965336e-01,-3.158629045150712078e-01
2.498001337797004229e-01,4.561725607818279404e-01
-6.768844323808362318e-02,4.742206868095489858e-01
-4.036600619372881504e-01,-8.993617825711594516e-02
4.225676988163040715e-01,-1.953485403144550880e-01
-5.070678095030646260e-01,2.363925948540777089e-01
-4.944037063394569886e-02,4.946367926579801622e-01
5.736014079382759645e-01,1.608367666511950900e-01
-9.574407178060744261e-01,3.460133136524758402e-01
-1.030690334334199154e-01,9.848783833575176505e-01
7.320537730364403695e-01,6.547089678644462118e-01
5.058121107750025436e-01,-8.481352998063246273e-01
1.360142439176063867e-01,4.325859041740396371e-01
4.239614385251420647e-01,-1.023402963729075354e+00
-9.934476882686932298e-01,-7.307614518606314613e-02
7.169489285184899030e-01,6.862589074997789140e-01
-4.757077974863288539e-01,-1.389341847599208368e-02
-9.328239061321289549e-01,-5.203008418713647165e-01
5.070988754721315050e-01,9.970186205916678479e-02
-5.367447472043516132e-01,-6.155343904188151360e-02
-7.493626364023578956e-01,6.423600607266638507e-01
8.717571295884504190e-01,3.983931916142448015e-01
1.394240408025733680e-01,-5.790371078337879229e-01
-5.135589558145324807e-01,8.297110870770609825e-01
2.165480913319133838e-01,5.188643285431956409e-01
5.287555453521236570e-01,-2.116147665035155168e-01
-4.980622744919547817e-01,2.525678901191131809e-01
-9.613723921186200227e-01,-1.986594473213999512e-01
-9.970164393519140855e-01,3.875087112409562051e-01
-6.656812753488061674e-01,7.948961604044546547e-01
4.795990892041461784e-01,1.011034766866980572e-03
-4.910493208279682054e-01,1.606844334116190876e-01
4.189818064565323796e-01,-3.248765821007022492e-01
5.136476417104225423e-01,8.817498497272514557e-01
3.898439206140303370e-01,2.248506812640745089e-01
9.097077153289903073e-01,2.239472075985600719e-01
-3.206964227206811624e-01,-2.236567249691035486e-01
1.957471502347448433e-01,4.548569472017890969e-01
-4.723843633362568850e-01,-9.719268232478051051e-01
8.181488686841380531e-01,-5.522005271675826110e-01
3.001391564149636926e-01,1.023248343392029858e+00
-4.756179065813406770e-01,7.663119891557779173e-01
9.529919586063754222e-01,-2.957267938548941988e-01
-1.566731652561024479e-01,-9.605578870283727477e-01
-7.248940795655312019e-02,-1.029531864711459965e+00
5.655840503849579592e-01,-8.718086900293872121e-01
9.684890892545379160e-01,-4.161610899742069769e-01
-1.581926121102320004e-01,-4.696847247700516870e-01
-3.562847096305857275e-02,-5.667079707784964393e-01
-8.689908755886887048e-01,-3.931004953022433357e-01
1.207577668126899734e-01,4.828904402289200259e-01
-4.991419596527352787e-01,-1.336909397224707308e-01
7.184682370120283323e-01,-6.737671607433891596e-01
4.839465177782296679e-01,2.009530728571096714e-01
5.040833567360744061e-01,-9.272456818412985746e-02
-3.803645976276336382e-01,-3.483494495501639476e-01
6.441300904073742339e-01,7.531453742116753780e-01
3.253096593628326261e-01,4.435211802203068432e-01
-7.126999178915954802e-01,-6.265725020654990818e-01
4.326352136353945332e-01,-2.201048119301957373e-01
5.090248391825499263e-01,-3.330775450728577086e-03
-1.404913250054452001e-01,4.589927886897831044e-01
5.546408100927660012e-01,8.313574616791160610e-01
3.828928869831976778e-01,1.809347318792307036e-01
8.568398815960303061e-01,6.245076523813460900e-01
3.065910568743956954e-01,3.142378285006997007e-01
-1.572574565538818192e-01,-9.899069508467938094e-01
2.716232836489498315e-01,3.210171226258231592e-01
4.554015139660887168e-02,1.064526432809566714e+00
7.428606114785085701e-01,6.037011103877325535e-01
-7.609783186811290567e-02,-9.771820918698537195e-01
8.972811261967261753e-01,-3.402740438292194969e-01
-8.785031366693856203e-01,4.879458393608328559e-01
3.610017911382962796e-01,-3.438942033860576952e-01
2.360696698317678033e-01,-8.879712572223386058e-01
-4.189281787005959545e-01,7.647497554386212260e-02
3.104452887932602212e-01,-9.361921514813409395e-01
-6.799493083431065177e-01,7.922244547596548614e-01
-2.389851355460829163e-01,4.341012758054048071e-01
2.224131221783922085e-01,-4.050341126977784478e-01
4.732053587131862527e-01,3.418416996251429779e-02
4.065880446002360094e-01,2.740891644911571667e-01
-3.451881581588364667e-01,-3.580479738034448300e-01
1.719726815075567350e-02,-9.451380183485671438e-01
9.137787735299510716e-01,-5.988416351810705862e-01
