4.962713078408942935e-01,-3.427534863806014354e-01
-1.662995620046751888e-01,9.223420890505850123e-01
7.189560086546114004e-01,6.652903847100557488e-01
-3.378400373330379680e-01,9.120743145891543335e-01
1.037684664954524050e-01,1.169458842524695730e-01
7.028040767733489957e-01,6.677197594408131875e-01
-6.149035004650739156e-01,8.816842276816796442e-01
6.678348954404074167e-01,-4.568147082252003166e-01
8.034391938149041401e-01,7.684185665379337227e-01
4.345194272196080121e-01,8.335482633346259496e-01
-4.515258993917137254e-01,8.676878924374397117e-01
5.731788844894522006e-01,-4.134333302370757357e-01
1.566416992247946283e+00,-4.401860610431124199e-01
1.396257689276455549e+00,-3.536352928663932804e-01
1.011969176953791960e+00,-5.629643758711151413e-01
1.071866135759131033e+00,-3.392873254339077299e-02
-6.770488840413126097e-02,9.859365518594173095e-01
1.739636395555912873e+00,-1.730388326099482899e-01
2.144414756339105554e-01,-1.287901188598021829e-01
9.842919679987816028e-01,-4.695129146818852739e-01
1.998866985235498550e+00,3.494414026745419344e-01
1.132009496319965169e+00,-5.486055726615485240e-01
8.251082234038394081e-02,9.895959415169108819e-01
7.136861560542389071e-01,-4.998985265640173425e-01
-1.036179693776585031e+00,3.890927837857002802e-01
4.750822686107732395e-01,-3.699901805985827963e-01
1.858006098698727904e-01,9.526375938546323141e-01
1.197308577461825285e-01,2.240608577045775582e-02
1.993655073354701601e+00,4.454780996647180191e-01
6.374458240093169303e-01,7.479006600722095666e-01
1.068196213080717660e+00,-4.822781009849527178e-01
-1.484735337542835154e-01,1.050312758486696696e+00
3.868067745656414425e-01,9.806573712435203705e-01
-1.786714096625598158e-01,9.404504546230677553e-01
1.282258420053596693e+00,-3.963426825831413147e-01
-9.803262779266527227e-01,1.008629974054147671e-01
1.987377314538672168e+00,4.644765881749434167e-01
1.267475754799655963e-01,-1.123731021335825364e-01
4.443937941305561856e-01,-2.917826267619446634e-01
6.150131116690538136e-01,7.244952804565599758e-01
-9.078555350076970010e-01,5.152063977444525378e-01
6.889541651248485589e-03,9.714891174938041774e-01
1.815500768305648993e+00,5.441866808774863118e-03
1.973811224746795601e+00,3.168838968787341948e-01
8.881388398197846978e-01,-5.578670832643255473e-01
1.316943136187348484e-02,1.014930279583884598e+00
1.958637427213240745e+00,1.544457506648046485e-01
4.662689277363373797e-01,8.791438380980666212e-01
4.239768202422194987e-01,9.885722152868570145e-01
6.699837653986200348e-01,7.893327313665448042e-01
5.499555356357139768e-01,8.267602982130124456e-01
6.528810423610280633e-01,6.789385712326126976e-01
1.676201335563191619e-01,1.240248814168181946e-01
2.021983078799342248e+00,2.893670223368537409e-01
2.036311810975975245e+00,3.921227842481779247e-01
-7.053041161323065911e-01,8.022094427043888754e-01
7.217212398890592295e-01,-4.468471313607297324e-01
-1.057252237412400264e+00,2.888713420969982737e-01
5.387381852115891157e-01,7.079881516518049533e-01
-7.304533362249552297e-01,6.412551876249635852e-01
-8.505840262108028960e-02,1.040616915159481071e+00
4.465167986722201054e-01,8.175754733119542372e-01
8.953666208370408830e-01,4.142744782450017427e-01
2.990423029489105433e-01,-1.218819190879999181e-01
3.408145144284226991e-01,-2.688857822119878893e-01
6.403434481098166930e-01,-4.251067236075374289e-01
-1.048205545052225407e-01,8.747445482306612785e-01
1.025807546796609904e+00,3.087138386352900055e-02
1.500083370509929237e+00,-3.883795934377519687e-01
1.058556583403207574e+00,-4.868714607852606124e-01
1.531426361119956336e-01,1.439059625916818685e-01
6.988316998630098587e-01,7.327498348558951768e-01
3.378569999973606297e-01,1.001805562291911311e+00
5.823758161966359204e-01,7.797311005955651630e-01
5.166306426481164227e-01,9.082420539185024344e-01
-1.216073058217325732e-02,5.497168147922443238e-01
3.774152825502551378e-01,-2.093771582482344962e-01
3.983074134369909980e-01,8.760797728690155051e-01
7.960871940651766121e-02,4.070168386795054438e-01
9.321458149531649529e-01,2.531144185170921546e-01
3.903042202952962114e-01,-2.090816605981235532e-01
-5.489186534479607582e-01,7.753694893174409852e-01
6.017612182540512666e-01,-4.723096658015477067e-01
3.301642470107684635e-01,-2.148212343336467767e-01
1.870197580468558218e+00,7.326590611334438119e-02
2.398976154103341640e-01,-5.102834737054270930e-02
-1.735357121386860157e-01,1.009318472820009305e+00
5.961364875944779040e-01,-4.003193793787016008e-01
5.735212624385015445e-01,-3.526052584577495930e-01
2.056515666236455431e+00,1.694101452496648563e-01
6.082826266009445648e-01,7.683493956501686872e-01
9.094153244443750617e-03,9.438349048333349867e-01
9.407221350051636621e-01,2.806454912722891049e-01
4.609750564772212567e-01,-3.962930617485515561e-01
1.592816402716456414e+00,-4.252936317269758737e-01
1.495644161273860018e+00,-3.811993280545249441e-01
1.721367353308575376e+00,-1.314033767148354015e-01
1.575977226447236035e+00,-2.869598499475752851e-01
2.008770028926143078e-02,5.699592244618238990e-01
8.115506533150737001e-01,5.767021026366275782e-01
5.555014709557520164e-02,2.725234915469244568e-01
1.819474547539547293e+00,-5.458154181206448241e-02
1.103557817158230758e+00,-4.534369649791559764e-01
4.093915156117477472e-01,1.025251557935500379e+00
7.373687378913337254e-01,7.519751722619925083e-01
8.720738022114402632e-01,5.049636414302246523e-01
7.858287268689476690e-01,-4.667713442752872144e-01
9.623919619543969128e-01,-5.641148317412312263e-01
-1.102095639836229990e-01,9.539379232241580464e-01
-7.026842513297071324e-02,9.976144620445048794e-01
1.378774014572521578e+00,-4.585792157718340811e-01
1.738328021124200484e+00,-3.885951622379798520e-01
6.391435752084949629e-01,-4.965148259225339311e-01
7.878596260202479218e-02,-1.828582243949827824e-06
4.008694371426064357e-02,9.026835202533733948e-02
1.576895561938808976e+00,-2.877966892173019486e-01
-2.009118344181299309e-01,1.063325923417587138e+00
9.983871408357569699e-01,1.445062045119850647e-01
3.235119292583577555e-01,-1.228342110434145762e-01
2.649257945185552465e-01,1.015290278626839404e+00
1.002612455375368056e-01,-6.560249044235196003e-02
1.658930395809853575e+00,-3.175798687106985430e-01
1.947505177264536202e+00,1.317510447992958356e-01
9.838622945424374544e-01,-4.844285602860505802e-01
1.573447562129219046e-01,-1.776486193385533319e-02
8.914211182459719218e-01,-5.643481188452103003e-01
1.660918168220015811e+00,-3.577182498374384401e-01
-8.002436221771185298e-01,6.552242006149746611e-01
-8.873943114946153399e-01,5.724260574472590513e-01
1.926755196386630287e-01,-2.085850521505674682e-01
4.368207108729745825e-01,-3.735815029340782134e-01
1.544491811475913856e+00,-2.926235770652549917e-01
7.818512886115474014e-01,6.506716637211776844e-01
-9.749382447175460875e-01,4.233034097899220916e-01
2.057087519471520576e+00,4.453935931792495917e-01
1.042827209896749485e-01,1.390311529810668856e-01
-9.003595569138248544e-01,5.149261791205838046e-01
1.101229164000553373e-01,1.520396104133119319e-01
1.324275450581033631e-01,-1.003069238537290381e-01
1.588997090971903114e+00,-3.163297206223235625e-01
6.359786319701914437e-01,-2.998975364276225131e-01
-9.319001877487771424e-01,3.938564012105851275e-01
4.392665772964520210e-01,-4.403809555161376510e-01
1.415206195433748038e-01,1.062456196299435274e-01
-9.188701888315867761e-01,4.318560314784820053e-01
9.625865744084332043e-01,-4.318922966946142084e-01
-2.175792194289061510e-01,9.932471617194027491e-01
8.005617957833774945e-01,-4.418952949388379459e-01
-1.040423472579406372e+00,4.710305914163898794e-02
1.044428003517790859e+00,2.088654824938176724e-01
1.810265099129068966e+00,7.761265353281499024e-02
1.759603562096661244e+00,-9.135814300424836831e-03
9.022345294438227636e-01,5.788261556089847604e-01
-1.220988262473165706e-02,4.005990686648537857e-01
-8.217953423851692696e-01,4.446798682494238486e-01
1.933628862771674950e-01,-1.733251011289637100e-01
1.713100023753539425e+00,-2.977583827018518425e-01
-9.674519948329933783e-01,2.228403706042701160e-01
1.055905396516728878e+00,-5.891950394394792623e-01
5.043778763433378609e-01,8.870868614112266126e-01
5.471950043227459259e-01,8.198413140870346449e-01
2.992264918791012196e-01,-1.936711050485205865e-01
1.487537118112419510e+00,-3.762956149231940772e-01
8.356091614458571737e-01,5.136593107289251225e-01
6.581535166898389022e-01,-4.234608717161085778e-01
1.233341679131447322e+00,-4.173144966466636463e-01
8.091406810707341135e-01,4.209547390827795832e-01
7.463244590786678456e-01,6.933025770954341915e-01
9.491276247274433864e-01,4.450780422177486595e-01
1.054586548090950426e+00,1.252728760786478435e-01
5.179021505330354547e-01,8.902007352232585990e-01
1.768828705339997365e+00,-5.147103377626914555e-02
2.057009650337612572e-01,-1.618540756953101289e-01
7.392713735427367538e-01,6.804023047165395077e-01
2.626672387325441616e-01,9.356551243415995867e-01
3.429827830653956466e-01,-2.601476541764035089e-01
1.475911582503963704e+00,-4.061192426683681300e-01
-5.043637008186633297e-01,8.563053867470534763e-01
1.913484039251690971e+00,2.385416319055788104e-01
4.022960453663945724e-03,1.754721182595661566e-01
-5.542471604779648509e-01,6.743628366508727101e-01
9.704319114239748911e-01,2.131944577525178575e-01
9.280167275666273419e-01,1.146378446231913761e-01
1.114423781086054444e+00,-5.052989160909875377e-01
4.138748087947678456e-01,1.037991408870320376e+00
-9.096512042678971399e-01,5.665369681545123770e-01
1.294171061613204610e-01,9.836395939118166565e-01
2.520866403598551742e-01,-1.730607668976953395e-01
2.046958886419245172e+00,1.811218898020308943e-01
6.685923423182282832e-01,7.900534483638967931e-01
1.040943090646055946e+00,4.598037116686824743e-02
-9.422107641212441598e-01,4.669210323106844363e-01
8.993386866683750203e-01,-5.839710153636240575e-01
-9.486693083515440605e-01,4.305378903775140542e-01
-2.827439315610212264e-02,1.008480250532940659e+00
3.775956666901952308e-01,-3.494841889190835604e-01
1.770696844334676279e-01,9.789188244474816836e-01
2.010136848892007500e+00,2.614379720753359226e-01
-4.111310036426825132e-01,8.925576172156296506e-01
1.306855176233686633e+00,-5.077446958205454886e-01
-1.060357091872125901e+00,3.864659977829119908e-02
-7.365477307939097829e-01,8.085923470470022245e-01
1.910211619639075042e+00,1.819746792514491396e-01
8.779011057984367206e-01,-4.473528208713877796e-01
8.523282801966028943e-01,4.163977086236201886e-01
-3.697986042612666502e-01,9.691047164041365347e-01
1.331885879133266615e+00,-3.893734319530993138e-01
-2.026885791988133900e-02,1.767458379795496248e-01
4.668937801518395214e-01,-3.415753611395535572e-01
-4.884439548231716555e-01,8.685937664690860371e-01
1.583978804886725378e+00,-3.338003904141664813e-01
6.800462767465574876e-01,-5.167412428249708034e-01
-4.334195946577173997e-01,8.409470478471834376e-01
2.047736710713284225e+00,1.157749497849437093e-01
-2.538168028983536773e-02,2.049121092034646985e-01
4.086778654459294335e-02,4.371966673257454139e-01
1.409347161615625899e+00,-3.228974401993012222e-01
2.412903139271535269e-01,-1.486441398119968671e-01
5.474390360537170208e-01,7.928392583301114849e-01
4.194392989545673300e-01,9.341548529127128297e-01
9.903741055347435873e-01,3.172101747773740099e-01
-9.326092164189395683e-01,2.268920565654735655e-01
9.641449400030591699e-01,1.543702235219985008e-01
3.653497640725242301e-01,8.805563501459999776e-01
1.966250254156010735e+00,2.825477156385499677e-01
1.382008150885570164e+00,-4.284822160693571580e-01
1.774570460479973466e+00,-7.909274346105066300e-02
1.279361784708605398e+00,-4.752868150087355970e-01
-3.270300246691894563e-01,9.424935364939153182e-01
-8.468314740945006580e-01,5.986842165684114203e-01
1.821176396548995546e+00,1.541443103895061562e-01
-2.970123899157201541e-01,9.646636366687433295e-01
2.846779454331252457e-01,-2.462317943666942621e-01
3.661900953384349122e-02,8.716146168636952352e-01
-8.826858857102298783e-01,5.613929880345550627e-01
4.635342638658417336e-01,-4.052120038487668774e-01
-1.019288911037137479e+00,9.658101097553896397e-02
1.186579717251911026e+00,-5.032687950580827518e-01
1.064199368216602437e+00,2.034920061603056052e-01
-1.408017632214579942e-02,9.842618608492875731e-01
-2.605307440090397497e-01,9.377335630509596731e-01
4.761185135299794147e-01,8.880528856138605320e-01
-8.991561263753570232e-01,3.707798325575697995e-01
-9.675271536186033083e-01,1.985856967125142480e-01
8.051605586172713713e-02,3.043941002315068145e-01
-1.527951783897220916e-01,9.949681983527638440e-01
1.340366432393203522e-01,-2.637812076759073893e-02
3.424598576638308023e-01,4.861605258419446352e-02
7.894159874824127066e-01,-5.236853573953718088e-01
1.758768152259182260e+00,-1.363562431476400549e-01
3.804868950216555579e-01,9.544514305169479185e-01
2.915645085807246351e-01,-1.841190505476645589e-01
-5.715886150326990878e-01,7.711305230848120029e-01
-7.858154364498011468e-02,2.674240982585612270e-01
-8.972960230997747422e-01,4.055628834603709487e-01
-7.349933334120831718e-01,6.869523184937131877e-01
-8.265351179872104659e-02,9.912242777352616718e-01
3.581986927924208364e-01,-1.815834390283740385e-01
4.584594674412386661e-01,-3.969253343232270193e-01
1.728111110276799034e-01,9.842292309928319938e-01
7.403928720234181915e-01,-4.708209542552663218e-01
1.006054690133723506e+00,2.393334919314700215e-01
-4.315733572181109645e-01,9.145462392610905766e-01
1.696607031061711401e+00,-3.097384287642279688e-01
1.932288601205728096e+00,3.768457884353684229e-01
9.297645248559570641e-01,4.535156637013642023e-01
2.035587730416308805e+00,5.683145391406440039e-01
9.761582025117018224e-01,1.240994369042489054e-01
4.633551494713918917e-01,-4.247247389779582605e-01
-6.015085389412595518e-01,7.522028138454448509e-01
-5.621832992443713817e-01,8.027064252642814868e-01
5.729491109315811848e-01,8.390565536565942617e-01
4.055193701354505853e-01,-2.798355169368036965e-01
1.357518281022709550e+00,-4.548622962577293927e-01
9.663801296889382164e-02,1.015999959963651333e+00
-8.908657910961064186e-01,5.374756840941059544e-01
8.626612697210224445e-02,-1.086007467646797897e-01
-2.827720721615472055e-01,9.808135448838752879e-01
4.719071584520407314e-01,9.265333901750582024e-01
3.660014156956165610e-01,8.648119695878476731e-01
6.577066951429774155e-01,9.099992221065678066e-01
5.632395894442362438e-01,-3.503036428448608186e-01
1.001593740215111605e+00,-5.649935496297798787e-01
1.214815664041240861e+00,-4.490142093567434101e-01
1.486305934336699108e+00,-4.026877950303132114e-01
8.741450988026086000e-01,1.547974966859129720e-01
1.836477695931949761e+00,-1.040136128864876386e-01
2.789563112026591934e-02,2.894146147569272576e-01
-2.532433022172546691e-02,5.096048814865903331e-01
6.160375973026895879e-01,9.194429333998315190e-01
2.836040768350862884e-02,4.645382804302109481e-01
7.525922988415605364e-01,6.893989358242486043e-01
5.909922904645198427e-01,7.174149189375048641e-01
1.741673830542614723e-02,9.786405577619099461e-01
6.231796312669302118e-01,-3.855456047488831639e-01
1.963936177097927116e+00,7.310981215054355997e-02
-8.096261903723774855e-01,5.046887094473527791e-01
2.023011805393187146e+00,3.981028611631035607e-01
2.821288639770163642e-01,-1.682194761584738518e-01
-1.354105406543505419e-01,9.348447629530450831e-01
9.273522138532337422e-01,-5.707338605848665258e-01
7.018119505909243827e-01,-5.668721681440546112e-01
1.925137256405105024e+00,1.117266332254065048e-01
-8.317109868189037636e-01,4.131585108906346560e-01
3.815546760127382919e-01,-3.332794528802905387e-01
1.901295930140118440e+00,3.187267504110160438e-02
-5.710516377652289366e-01,7.900122287464871329e-01
-1.030996179990761430e+00,5.497753720013469347e-02
1.645373962719199890e+00,-1.302360873669516084e-01
8.056820242913047547e-01,5.445311829324107622e-01
-9.948937531839552317e-01,1.597451732044581629e-01
1.267963178166782723e-01,1.422650960611713256e-01
5.054626662308639440e-02,1.041724559256800367e-02
2.635227831648486729e-01,-1.674310367376988240e-01
9.212804385549618891e-01,2.680619728536596802e-01
-6.563049876490438805e-01,6.016410401576305356e-01
-1.434989951262246044e-01,9.772037412904573950e-01
9.456846309256591310e-01,5.859506078981120414e-01
1.370894800962395126e-02,5.099681440009669053e-01
1.729950581849371671e+00,-2.137647643127482122e-01
1.759855267570482606e+00,5.968314801589588714e-03
1.155554494845834057e+00,-4.742109192006770946e-01
1.959093018682890319e-01,9.245219554776744619e-01
-9.319492654638744655e-01,3.841934699179467283e-01
2.006428737496561421e-01,1.056856408843865447e+00
2.030331288201272066e+00,5.173853661382300517e-01
-7.858920793478075817e-01,5.578368877288065741e-01
1.936705415916570416e+00,5.827479839092409436e-02
8.842686345296207895e-02,1.589998464790150778e-01
3.660304508744356422e-01,9.723712774201538345e-01
1.078584762954482912e+00,-4.605899688339227249e-01
1.256506661964170490e+00,-4.593441782370687454e-01
-9.464767431465538339e-01,8.508602708960541494e-02
-1.073924743955537719e+00,1.772644490052794897e-01
1.181552855817787073e-01,1.290632250450547414e-01
3.685877964456521494e-02,3.023291474511615728e-01
2.050379898750053886e+00,1.577128397223661327e-01
5.319470309872770253e-02,1.025376169530623827e+00
1.913083236457481170e-02,2.755167518063564858e-01
-5.756719586211600515e-02,4.141172286567172955e-01
1.740043257817944222e-01,-1.516890320252864410e-01
1.963096236886466173e+00,3.400240191039560766e-01
7.928128049389636667e-01,-4.297316636616989038e-01
5.423045518115140462e-01,7.928467300286868857e-01
1.030703989107696783e+00,2.061324663696719253e-02
-8.703943281597238402e-01,5.806599579533748834e-01
9.471742859071733411e-01,-2.629065424274767970e-02
-3.591453601863724143e-02,2.350922388935066110e-01
9.123225769183437306e-01,4.301577318932424676e-01
3.933224322397060879e-01,8.714709139018186335e-01
1.616672184780827637e+00,-2.788597307829001615e-01
1.898796242477180485e+00,3.195879042786402002e-01
1.430806580380216408e-01,9.084794860411508077e-01
8.334479612073794064e-01,4.605896212321254901e-01
5.663701156997268393e-01,7.955847850830145562e-01
-7.956901305633851118e-01,4.789684056437910620e-01
-5.217975322305093977e-01,7.639252492836762221e-01
4.639183495258495382e-01,-4.274746347697653270e-01
9.724112684991781386e-01,1.721154944847416990e-01
3.289141207604743822e-01,9.893702021132653179e-01
-3.308823736845151742e-01,8.796934124070339145e-01
1.340195055942718039e+00,-4.529562145294142583e-01
-3.564620675335581912e-01,9.279923161346308458e-01
-2.230784736012486336e-01,9.274898151725994300e-01
2.068031437704740128e-01,-4.337292613115655004e-02
-1.059685124040349757e+00,2.075196974886155399e-01
-8.864115502181069139e-01,2.399918883208042031e-01
7.279277752036608096e-01,5.692324226234468654e-01
2.014096589887669708e+00,4.070584855332183838e-01
1.108755295837700494e+00,7.531621955005766977e-02
-9.234537815666350458e-01,4.974272631429012964e-02
4.075178547149656549e-01,9.174573279455274788e-01
9.064290099575226245e-01,7.853063448600763885e-02
1.610759988853798674e+00,-2.748630829201412218e-01
1.068398527341482884e+00,-5.573760243833105754e-01
1.843046673064647312e+00,-2.840161042116533946e-02
2.744636439482898704e-01,-2.111343289253294897e-01
9.144749998990533424e-01,2.292877179377670604e-01
1.383910335904781741e+00,-4.097459877012628038e-01
1.862667853566593479e+00,3.967767765128081825e-01
-1.262484534962104998e-02,4.625191210826842259e-01
1.689781645625121564e+00,-1.785657353504848943e-01
2.620777233138721907e-01,-2.416273527187773329e-01
-4.788428614979683279e-02,9.735825315613823028e-01
8.801220566787056887e-01,-5.298932323302015801e-01
9.024453680749928708e-01,-4.913653297390732089e-01
-1.904315836680570140e-02,4.087278472327171563e-02
7.075139906445881977e-01,-3.910405477372576044e-01
-7.248971361929642532e-01,6.939543392323190840e-01
3.720700224527801470e-01,9.143031292996973702e-01
9.278152997892352705e-01,3.552520710929320535e-01
7.947880021592200750e-01,-5.327100547729337610e-01
-9.578534302693194613e-01,1.795116721176470420e-01
7.350423151552570866e-01,-5.266745912882464520e-01
-8.441491463417017949e-01,5.374717402053164061e-01
1.585072985167897297e+00,-2.505727717887205608e-01
8.753318341094173949e-01,-4.850098208760877383e-01
7.967581104295953232e-01,-4.938203656106438522e-01
-8.723186871134785969e-01,2.586319841522098373e-01
6.032859272627462133e-01,-3.353699289443031750e-01
-6.958697844351923179e-01,6.468801543779567620e-01
-4.989934477545552860e-01,8.943518931976498498e-01
1.620715640960471160e-01,9.822621320956613777e-01
2.007652448990885574e+00,2.836314811697530636e-01
1.978689209087109768e+00,3.829736889889409079e-01
-8.050401460265114162e-01,4.709319804613180671e-01
1.962410900081005272e+00,1.611355979563907637e-01
9.303538836713736160e-01,-5.376017280340602555e-01
9.340059346916544936e-01,6.740499812342340413e-02
-7.545320206205001767e-01,5.404858810904467070e-01
-6.041194801314645479e-01,7.167546898700642988e-01
-9.745343991484670676e-01,1.579335861597074842e-01
-5.529365981975171984e-02,9.859075507165467878e-01
1.693047257039978160e+00,-2.020957639648903736e-01
-8.115441384725945451e-01,5.959227064964678355e-01
9.887533463514464049e-01,2.590679790043502462e-01
9.107984008663809750e-01,3.791934702476342789e-01
-6.829596634946228928e-01,7.506502242373903622e-01
1.190719958734490991e+00,-5.647510410624437815e-01
1.682545404535197076e+00,-2.615793893880625776e-01
1.047945942015669152e+00,-4.278514980231137854e-01
-8.687044480122344536e-01,3.780664820260756787e-01
-6.130382774343001717e-01,8.163754059435888166e-01
1.642797744455247955e+00,-2.407469661609848710e-01
7.163905966259388469e-01,7.208321854792307803e-01
1.463777047509608534e-02,4.232047255939050956e-01
1.280328322927087314e-01,9.561219595829311135e-01
-4.782908617488604852e-01,9.129553052249217426e-01
1.066181246854112974e+00,7.614487824671690996e-02
-7.755984678940764931e-01,6.230215544018556928e-01
1.024818726086901721e+00,5.818984820156805626e-02
-1.016538210962002697e+00,1.317426816325306116e-01
1.993535382908390385e+00,3.739102966986776466e-01
4.840233937218001437e-01,9.067965809641710395e-01
6.432767688919026616e-01,7.165296583536784336e-01
2.507307065439174920e-01,-7.519178090689998539e-02
1.282402180376480239e+00,-4.575607681348979328e-01
-6.584397952696345868e-01,7.731629112999126585e-01
6.478030094001803185e-01,-4.948066190029448697e-01
8.588334144970743989e-01,4.819157391640884192e-01
-9.825232784916027029e-01,3.308291461363689345e-01
1.055949296957534811e+00,-5.268004042057470304e-01
-4.810490095831760349e-01,9.989138591895603270e-01
1.146972709326523135e-02,1.010560088568557724e+00
1.919934599452699509e+00,4.977410143752834110e-02
1.011511661015029651e+00,-1.147097886102680098e-01
8.709449227984189523e-01,5.485845881613971020e-01
-5.394332540528188336e-01,8.971765040434210858e-01
2.396596351819702680e-02,4.786132941129921103e-02
8.676330453146537114e-02,9.689482701447480473e-01
7.927621756046052681e-01,6.670837445256562193e-01
8.033753571781383496e-01,5.535783758421769507e-01
1.047347010595537586e+00,1.979311198589706333e-01
2.731362094704020693e-01,-2.084674398670095241e-01
4.635162997705605803e-01,9.319227810615269281e-01
1.001583219437993444e+00,-5.273857679634513795e-01
2.631441353181785403e-01,8.347168914947795670e-01
4.099226168654623165e-02,8.961983720297707068e-01
5.295312455237596305e-01,-3.335719575202044096e-01
1.849524697851408828e+00,-1.161353420365628247e-01
2.010012812055876896e+00,3.415189325277713239e-01
9.546870251600496626e-01,5.625639456202059796e-02
-9.618191745424834460e-01,5.552291888655619401e-01
-1.037349965660799400e+00,1.780983551825566780e-01
1.959099630519549162e+00,2.811567899687528738e-01
5.447481489488691375e-01,-3.756241185110663627e-01
1.713845155517189411e+00,-1.727609091389624985e-01
1.948517761304952245e+00,1.933894251232732286e-01
1.585461663988450010e+00,-3.032812690232248864e-01
8.875510814232271395e-01,-4.960355983938844471e-01
1.748758287557553026e-02,9.619590880644754982e-01
1.007602173129748424e+00,1.310193846140124962e-01
7.651450365265732856e-01,-5.106430529093312076e-01
1.886893135708287428e-01,-1.181594873841379095e-01
-1.611475838451284504e-02,2.351613330598447682e-01
8.373745436377572071e-01,3.753984535627965524e-01
1.974453297770642379e+00,5.500022413875271798e-01
1.869912892392857406e+00,-1.597205713676396466e-01
-5.145377656098885921e-02,2.215279596871798928e-01
9.815901517673764065e-01,1.341186214450409420e-01
1.476609261114538718e+00,-3.686148131562763663e-01
-6.233775813050408399e-01,7.831020689322970574e-01
6.235510689568726228e-01,7.915069739806492866e-01
-6.150592097136948766e-01,7.483004406074187376e-01
1.509050319859152722e+00,-3.830679625882397188e-01
9.712870688334098723e-01,-4.045296680264127698e-01
1.670550380989805461e+00,-2.666940515594688477e-01
2.057935580697320077e+00,1.724950317453402826e-01
3.928398431337648544e-01,1.012722785725269414e+00
6.116767021827259621e-01,7.989717968862969366e-01
-6.303667039932021599e-01,9.096432335756589049e-01
8.544027200807947919e-02,4.516710247361863800e-03
6.661270940100776361e-01,8.254884839619123227e-01
4.146830170994123543e-01,9.197458789687746883e-01
-1.001736487617389759e+00,-5.369238728682281664e-02
2.042804668228189069e+00,5.041481114676676922e-01
7.371369882083087521e-01,-4.252871073000728530e-01
8.888016625878805144e-01,5.548201311785064815e-01
-7.919470230314825665e-01,6.416746878861772085e-01
1.516304555497040019e+00,-4.090613215791886192e-01
-8.405930311685430034e-01,5.390722864461694464e-01
-1.050389092761411097e-01,1.011806138340976657e+00
1.369622740702206576e+00,-5.476455018822403709e-01
4.225737196467957424e-02,2.545849521279661132e-01
8.113226680201884866e-01,6.832915542622720606e-01
1.576423285182350753e+00,-2.620816954101428675e-01
1.841150272784241038e-01,9.316678493507795089e-01
9.461751361778308889e-01,-4.700954139832218548e-01
2.560016431665038117e-01,9.694955533780743595e-01
1.234632949697866550e-01,9.987791808732557897e-01
7.798360738427769778e-01,-4.062780853857509422e-01
1.299750727713784748e+00,-4.581596512876274230e-01
2.462936494846190982e-01,1.006845935221697186e+00
1.258167481001565946e+00,-5.104009823804905865e-01
9.915265431200662727e-01,1.519694884810872393e-01
1.429808694172782779e+00,-3.759105836702629766e-01
1.684385223110417273e-01,3.639829445499503935e-02
8.178184327483015714e-01,-4.394277268351595156e-01
2.505259980373824580e-01,-1.672545748701547430e-01
2.822661049008341749e-02,4.520558539716788005e-01
-1.765109324259967194e-01,1.006625878295702714e+00
6.693829170406875306e-01,7.379350294593555182e-01
-7.787682227133725377e-01,6.890702944927452611e-01
2.014209343661106821e+00,3.482682335521143924e-01
-6.689005464612998164e-01,6.313344406451808499e-01
7.000429861683927779e-01,7.751215329634157936e-01
1.270507761990903872e-01,9.665834008346878559e-01
-6.155499547633170865e-01,8.039137323727897355e-01
-6.382287681709631899e-01,7.842270774975889092e-01
1.637936446383177147e+00,-2.559579459020931980e-01
6.013776726746198342e-01,-3.688172689001040783e-01
9.779764381489517433e-01,-5.357150257724636599e-01
1.933564972879747490e+00,3.153315306430469755e-01
1.392589284152940587e+00,-2.999790169447032473e-01
-9.883923330790452821e-01,2.258436907062278953e-01
1.810280052725692368e+00,-1.016601717963500212e-01
1.658857362603255670e+00,-2.895546454976199446e-01
-5.101215820546862734e-01,9.968183603998160836e-01
-3.988974161851189804e-01,8.342199258042048982e-01
1.503831238651317515e+00,-2.700061429978260485e-01
-2.977662538148572180e-01,9.315514052733262496e-01
1.038480954933109546e+00,-5.748593721938185519e-01
5.954924155664812480e-01,7.257067355444586365e-01
-7.884335666377806362e-01,7.111873154111959527e-01
-9.614702453954694361e-01,2.524417132780870099e-01
-1.305897707699531229e-02,9.180635737117771589e-01
8.469586422397662462e-01,6.206964192672197456e-01
5.948751068115137874e-01,-4.153574100051274365e-01
-9.780660553437662275e-01,4.632183523070025344e-01
1.190432248414994509e+00,-5.171361351418659602e-01
1.878251835843090189e+00,2.960470093049445087e-03
1.924820233911621159e+00,1.230091472478280906e-01
9.544053238370792114e-01,3.798960078584653899e-01
4.057483176199341290e-01,-3.226832892068191572e-01
8.902900689891393715e-02,1.486712919554367685e-01
-3.369373925469119624e-01,8.847979809079613567e-01
-1.170158630240271114e-01,9.189307554960567392e-01
3.960802914335022629e-01,-3.347146929148329675e-01
-9.217434126360956048e-01,3.088653794935971031e-01
8.503892158415173874e-01,4.309580113597300532e-01
3.895928470574124836e-01,-2.772217107415033133e-01
1.971561997363463492e+00,3.522620863329893326e-01
-7.039303370850018560e-01,7.236665508026152160e-01
2.003826260128840797e+00,1.104087904593491348e-01
5.692289281993331840e-02,1.128951249544611346e-01
8.617335778618782083e-01,7.055714863723541175e-01
-7.476213121986511334e-01,7.029799798260413235e-01
4.917693777176793818e-02,2.527729986742444646e-01
-1.044251836064040040e+00,2.107818690510112614e-01
1.918267014953446203e+00,1.062007441187640261e-01
1.549238566666862049e-02,2.168285285392633210e-01
-4.116901138143709282e-01,8.955057082646735722e-01
-1.441240111320367667e-01,9.428431894781338363e-01
4.449932072492334134e-01,-3.429643223419743814e-01
-9.978002775167841287e-01,-2.276945561046599467e-02
7.832412476877245178e-01,6.321669558056531857e-01
6.923894550467395159e-02,4.882630087440471001e-01
8.052302725333089495e-02,1.034610920866139150e+00
4.168763372513338838e-01,-2.875668063205577551e-01
9.204969860621823319e-01,1.088634384985477099e-01
6.824632940839332473e-01,-4.323820887583624817e-01
1.599841429739755849e+00,-1.380627466344863385e-01
-6.158924418227623709e-01,7.634351539133794606e-01
-6.158436923108651095e-02,1.071994318765152165e+00
1.914420692322394979e+00,6.734439499159020071e-02
5.106912117763446890e-01,-2.950958190416907989e-01
2.367414773511151704e-01,-1.909547878449765201e-01
1.131799594661834885e+00,-4.795085537429815692e-01
7.394764562244872108e-01,6.536686488357257296e-01
1.792722023687711053e+00,-1.985573234052194491e-01
1.572358893584228756e+00,-4.156407188102742012e-01
-1.657403488460304219e-01,9.344066040318371735e-01
-1.017765004586516309e+00,2.337288492905279513e-01
1.002052103505550518e+00,1.586027961149447385e-01
7.911931400720298435e-02,8.456308327762993016e-02
1.014844587703792156e+00,4.697978902946477880e-02
1.816077695489639821e+00,-1.442051087757215133e-01
-9.807153654602159820e-01,1.714951145695448598e-01
-7.032851628162165580e-01,7.178818960160571194e-01
-9.592106745837489790e-01,2.620142210657754878e-01
1.160088432564449601e+00,-4.581432334451753796e-01
5.612636716881450744e-03,3.150275598472681016e-01
6.159701818582147270e-01,-4.791130297146568018e-01
8.590017768333071402e-01,5.264472999435556577e-01
-4.050136482926838255e-01,8.667295233435413637e-01
-9.279436470540860515e-01,1.205128523870111351e-01
8.471248665738110306e-01,4.282293610941909634e-01
-1.659118952395612773e-02,3.864308988885472584e-01
-9.428677704465192322e-02,2.527166426822385903e-01
1.220940894940423682e+00,-5.345763205726221656e-01
7.265824421002952116e-01,6.425652168001998454e-01
3.073596505534482159e-01,-1.785949570811176113e-01
1.121449651951978765e+00,-4.299763962449769661e-01
-8.957239363626074979e-01,4.640412819540033484e-01
9.417081000949610869e-01,3.384174128444094598e-01
6.942638842027261392e-02,1.684615444639517290e-01
8.243936301277038359e-01,-4.723368740737523552e-01
1.140648309632527946e+00,-4.935862605809147041e-01
-7.918068121772695589e-01,5.902918542302153515e-01
1.743109351266471485e+00,-1.100356438463276354e-01
-1.991359728555726349e-01,9.876216648046813873e-01
1.820614764485136705e+00,1.097465731947522283e-02
7.954195635534647146e-02,9.525909400703419516e-01
-5.463139416106470581e-01,7.797013936929882982e-01
-9.196374119825232452e-01,2.742967951618137112e-01
1.830591152371608132e-01,9.697019349230231455e-01
2.900561388504587224e-01,8.597159192020263907e-01
-2.705047247646351627e-01,9.640131279028999467e-01
-6.605299577057984761e-01,7.147351473449244930e-01
1.762770080404866713e+00,-1.878822348179721990e-01
-3.730968711670162863e-01,8.660829470020638965e-01
5.239903064287281254e-01,-3.965023468399060391e-01
2.284753139293600743e-01,9.322371617432445579e-01
8.063180497069040165e-01,-4.396534988105906816e-01
4.075340746541907672e-02,2.376373801185493184e-01
1.099178380134655075e+00,-4.835769736318876744e-01
8.581059872519001264e-01,5.915861557441051133e-01
1.271852802196157262e+00,-3.691475603473205469e-01
1.626610955880097409e+00,-3.235497336814001645e-01
-1.236387737528436559e-01,5.020254162089639038e-01
1.307803206247331040e-01,1.009304769538636570e+00
2.437474091645548679e-01,-1.627731071212726865e-01
1.042508894952278060e-02,5.668183918348976835e-01
-5.088814537357241319e-01,9.579913717056603994e-01
-5.932707747831651446e-01,7.536237289445356646e-01
2.685350165584213245e-01,-2.046916943778859244e-01
4.186628171140120425e-01,-3.420129881632292257e-01
1.927431035421792727e-01,-9.151666523968016165e-02
-9.112334086330251548e-01,2.357340233840188315e-01
8.786845190511765047e-01,4.525816935568938160e-01
-2.367811676415658428e-01,9.738364255509714962e-01
-7.732326637663714530e-01,6.403521478340556961e-01
4.363801977935589660e-01,-2.702998614012623313e-01
-9.098610433386835616e-01,4.152155737130201474e-01
1.684271239910444695e+00,-2.803062734310906023e-01
1.849357002673508998e-01,9.683891937952123774e-01
1.052570400873862111e+00,1.783064369311866959e-01
6.947031090639875783e-01,7.115010092515120510e-01
2.863348927681095835e-01,9.332398500197527369e-01
6.528770225497710911e-01,6.369462635615450452e-01
1.823728398000739270e+00,-1.845877706827403486e-01
7.903062030159641038e-01,-5.106489770756370561e-01
3.563435390322643448e-01,-2.545184842374286771e-01
9.708212670882444828e-02,1.879080470698599459e-01
4.757818840843479613e-01,-2.747173523738295486e-01
2.310069950021270413e-01,1.005774448085813955e+00
1.795121958898768799e+00,-1.170990161856878264e-01
8.010950493161690389e-01,5.670663342757250591e-01
9.468998272489893564e-01,2.409606964707332322e-01
6.379721952176644617e-01,-3.666226861763819400e-01
3.044446149442910921e-01,-3.109478390432138806e-01
-1.807608857849243508e-03,4.517504005555039726e-01
1.810473699858094587e+00,3.549363500286941697e-01
1.013388761915648972e+00,2.384492174741817405e-01
-7.984949440222998129e-01,4.607011741318083331e-01
7.515664990603120321e-01,-4.158324689084559878e-01
2.474446460969992323e-01,-1.777843089244038610e-01
1.223019984484700895e-01,2.584866654271263942e-01
2.011787695586602920e-01,-1.738806586960988387e-01
-8.372252040556121822e-01,6.698237902672751209e-01
7.837005116519750736e-01,6.655087395872338885e-01
-1.803965336170051600e-02,3.701090987195822524e-01
4.378182394950712597e-01,-3.472913737125266631e-01
-1.952491944672056778e-01,1.072674257563503541e+00
6.038727568349806785e-02,2.780194851529980138e-01
-9.136945664700104608e-01,4.299428620394978307e-01
1.457969362551039261e+00,-2.904345882985849281e-01
7.024238359803602894e-02,1.076922541416235557e+00
-4.776997892135432799e-01,9.342333443948682703e-01
1.765875886840947873e+00,-2.266725335058520363e-01
5.923944654951859290e-01,8.379859357384400464e-01
9.505045278370047868e-01,4.198984694770193649e-01
1.232996418076437450e-01,1.012985847819406038e+00
6.242910256810799696e-01,-4.219135768260054986e-01
1.343748416499320086e+00,-4.658950369734115582e-01
6.508813136495206209e-01,6.982659303326430589e-01
8.443251169108696441e-01,-4.235824314420904013e-01
2.696094865931134565e-01,8.307835959776310730e-01
-1.238632223846352354e-01,1.098884796859082025e+00
1.702335678483083647e+00,-1.819736940439218298e-01
1.361339496892974843e+00,-4.129063981359488156e-01
1.062882894034028691e+00,3.191791658558865152e-01
1.869669334547636952e+00,2.343564990102363632e-01
6.898807586272290848e-01,-3.572746262549834628e-01
-4.845691002495585709e-01,8.821168682384006310e-01
-2.896479996913816496e-02,4.006255932007165010e-01
-9.188743104073360257e-01,4.692273848353817334e-01
1.113433256509066993e+00,-5.001610265842517666e-01
1.652721700768414070e+00,-2.197773404842300604e-01
1.880378456316969871e+00,2.790365386485577637e-01
9.053638913370075647e-01,4.137035957748005366e-01
-6.308561407761875683e-01,7.854502021027778280e-01
9.817895395393405611e-01,1.722539283261395049e-01
4.143664416756919766e-01,9.149701804000314187e-01
-2.215991895593575484e-02,9.195621388388349748e-01
8.881950812305476894e-01,-4.369187210453930881e-01
-4.129466704919118603e-02,1.450853154495819475e-01
-8.993828121746429982e-01,4.183871241223450776e-01
-5.066114154898526678e-01,8.861819271149375954e-01
1.102557418964498881e+00,-4.923283120503943455e-01
1.384412271633200520e-01,9.814275783992713054e-01
1.272339833306919132e+00,-4.418683725029479703e-01
9.587668029558419347e-01,2.322837818425543266e-01
1.351935304313950148e+00,-4.667125165361049044e-01
7.727009492086482911e-01,6.612875026286600955e-01
1.827292411644684478e+00,-7.284976630226153160e-02
9.791669981094679176e-02,1.418365226693260595e-02
1.779244109797343709e+00,1.716237651758031890e-03
2.097549015607781953e-01,1.021342535358195969e+00
7.310394288115112937e-01,-4.650056929168097097e-01
1.132549149065585459e+00,-4.723951159436359237e-01
8.821736712502832589e-02,9.241427510082756980e-01
1.681411163868494985e+00,-1.259579557988700360e-01
1.773323871947823260e+00,-6.714755477995684729e-02
-4.170469231688425649e-01,9.388147793729013646e-01
-9.409006202309789790e-01,4.016053491757514138e-01
1.063308832798756542e+00,2.668455013901542827e-01
1.926716731451771469e+00,2.739511764103372271e-01
1.618180847232219444e+00,-3.220805234672057260e-01
9.280292173853393889e-01,-4.813187595108315842e-01
-9.969307958548699888e-01,2.946343631939223329e-01
1.466848072921978163e+00,-4.270677066701868418e-01
1.457021231753651280e-01,9.781557726187958268e-01
1.863713982041854678e+00,-9.141120030749032288e-02
3.137864369465483971e-01,9.628911046426879006e-01
-1.551634789290456951e-02,3.717113230464931806e-01
1.814466332486078581e+00,1.041116796902666619e-01
-7.034685671351013081e-01,8.291615451429434902e-01
-2.194088160322439363e-01,1.056911768635770965e+00
1.847164145675697311e+00,-6.793866749154053863e-02
1.649081809887775751e+00,-4.300688378804983225e-01
1.963643927902215980e+00,9.573996136974777249e-02
-2.335756959280443634e-01,9.126989647533730876e-01
-2.541437289735883898e-01,1.034611022846806838e+00
9.470219551862573137e-01,3.590805945064217686e-01
-4.958035444154741400e-01,7.769569762451965511e-01
-1.021924878139711390e-02,9.468417661973374533e-02
1.342754989791081488e-01,-8.492721550500265115e-02
3.852012533141123130e-01,-2.178236839772461630e-01
1.471129273402898563e-01,9.206592305036622736e-01
-5.529640686780912251e-01,8.138345184324972115e-01
1.917175465484372232e+00,2.999680298829651703e-01
1.238794855901971470e+00,-4.892064512529780140e-01
8.061727733772693361e-01,5.640160551671917766e-01
5.625901539035412791e-01,8.516489187810672989e-01
2.065115742583401914e+00,5.767757332868459486e-01
-2.092353268451895287e-01,9.396679368648007680e-01
5.861685418515213408e-01,-4.435578949418375050e-01
2.135708401317292782e-01,-1.850882525601636741e-01
2.614581670708122918e-02,4.172665060203306631e-01
8.885112802359129702e-01,-5.016548181107164384e-01
2.076864685439166802e+00,3.903742492882296133e-01
1.100744810900219639e-01,-7.279145769033169844e-02
-7.024875833136652314e-01,6.561496415959160444e-01
1.124004736737123922e-01,9.984037705319536160e-01
9.704276354097236545e-01,4.082790233740653529e-01
-1.037109807465542932e+00,3.641185657786248919e-01
-9.732738029629889320e-01,2.426881461128614637e-01
5.725249751609479132e-01,-4.510050503038689484e-01
1.530145959417765766e+00,-4.093209155501440488e-01
5.133276190566352648e-01,7.510462814090881345e-01
5.019718970053217433e-01,8.727096166634528140e-01
-9.536721010580857805e-02,5.090633161289311870e-01
-8.766112005524997475e-01,2.475473681349168453e-01
1.560595398439791115e+00,-2.669344750493001239e-01
2.725752915625798689e-01,-2.624114651993378344e-01
-5.189696137904034057e-01,8.973490717008909545e-01
4.881262187250451356e-01,8.868572256511797480e-01
1.801540429493878159e+00,-2.050264151468084162e-01
-1.023218793248056313e+00,7.998755490541586965e-02
7.713142700608147662e-01,6.052607328974467515e-01
7.044819180821633164e-01,6.003015283911710132e-01
-1.070809561385323239e+00,7.427421870653277969e-02
8.901775898236060636e-01,-5.279512984842246182e-01
9.330212590527000582e-01,-4.598738264497824191e-01
1.906468764241463054e+00,2.819276367440851777e-02
-3.315767294211395266e-01,1.021127194195678767e+00
-4.754888769497885026e-02,1.932706259173754548e-01
1.917957929635171421e+00,-9.012040078927412157e-03
9.618953637251261846e-01,4.483281128548286532e-01
8.055687223859697710e-01,3.258088063682677005e-01
1.329618163792344321e+00,-4.693173556446036399e-01
1.853467994786041351e-01,-4.833533266959497837e-02
-1.152274042734679205e-01,9.379106155050026539e-01
7.709465849173726681e-01,-4.696831306000661121e-01
9.685963725832436033e-01,4.555419161820921659e-01
9.268316147320826426e-01,-5.419459488109613643e-01
5.416066388637688078e-01,8.049932693709305198e-01
-5.640314513662537665e-01,8.758229961206333014e-01
2.057630792989610935e+00,3.760867083584600867e-01
1.401879145004944760e-01,-1.169682280962678067e-01
6.088150677392453192e-01,8.915604998966737416e-01
9.245620348904353136e-01,5.025688661100985444e-01
-3.690759421177034483e-01,9.620363084182259605e-01
1.484493681088475237e+00,-2.583924340623885429e-01
1.700645759711190586e+00,-1.341319139125717597e-01
4.084671124394489289e-03,4.031345348003215201e-01
-7.784687398453804530e-01,6.476995979520783209e-01
1.794405344132539604e+00,-9.639421998891511967e-02
1.071992585309585300e+00,2.052044581204112428e-01
5.777282276321863419e-01,-3.709408132757388565e-01
1.945614592403476784e-01,9.826261391703802195e-01
-8.551573097500163589e-01,6.552900047700809250e-01
-1.022124069502362564e+00,-1.623423501643060651e-02
-7.261076634273334884e-02,1.068760722649324313e+00
-5.024877646921775964e-01,7.934662151678807396e-01
-9.657522744514071000e-01,2.555533842107574061e-01
9.643230121825352441e-01,3.540316505463151908e-01
-8.326307180307859213e-01,6.443051582959440360e-01
4.154968973242156305e-01,-2.876176305738809003e-01
1.483392608662025935e+00,-4.070439133917037600e-01
2.405322451142639928e-01,1.038226531335383340e+00
8.897384392198843805e-01,5.873103051399081176e-01
1.977430898596738595e+00,1.997996863579079574e-01
-9.940733219333627302e-01,1.450320443686366201e-01
4.919422787021253130e-01,8.712675802774032530e-01
1.943856559241720738e+00,3.238278391066506390e-01
5.538756414227909985e-01,9.744381458248005945e-01
1.749832793286929089e+00,-2.113851502125482229e-01
8.174302301410637517e-01,6.831190450194198904e-01
1.025485941142734170e+00,3.118445855212637063e-01
-1.041812676534674464e+00,6.528296295516669567e-02
9.278839138495377226e-01,2.666553654051413424e-01
1.055490740880407508e+00,7.535931612383944822e-04
1.617931098222450181e+00,-1.799456855874588812e-01
1.864250356669742148e+00,7.130395747623651664e-03
-7.750876118315394026e-01,5.938451283263596059e-01
-7.783148110166498990e-01,7.240975965042732998e-01
-2.652981216876888482e-01,9.117085828640144607e-01
-6.730590944296621636e-03,2.134456410424339645e-01
1.796149153786094743e+00,-7.765907295871339600e-02
4.600534553209632144e-02,1.041694505511296942e+00
2.784346163530192486e-01,-3.676328915416252063e-01
1.056301656357762964e+00,3.751920641401194044e-03
-8.275178298333912830e-01,4.783427254218720615e-01
1.761869915998131253e+00,-1.412719129625247816e-01
2.034807069462213347e-01,1.035961279318777351e+00
5.781882418970107906e-01,-4.552375198449554738e-01
-3.538637026500373040e-01,8.917901436119702874e-01
9.782921086428864044e-01,-5.057238471418321613e-01
3.047232226641006236e-01,8.722091096893377360e-01
1.968029052382497479e+00,4.486761383832889583e-01
-9.481018459684912303e-01,5.049097125182447909e-01
7.490210079836493451e-01,-4.309158869072037268e-01
-1.681032895104204727e-01,9.364564909218088262e-01
-9.292000374572789712e-01,4.024793987728674249e-01
1.969430788936701537e+00,2.419058568924726538e-01
1.396037889249876485e-01,2.628446047857985191e-02
-9.172666758029435208e-01,4.149500528090145357e-01
4.147499688641058113e-01,9.199776633130580805e-01
1.137263613611612545e+00,-5.566639403449891166e-01
6.928651187965708669e-01,6.823791024930490057e-01
1.691508237952277449e+00,-1.175626557011160145e-01
8.964279056536227364e-01,3.620073234353472502e-01
-8.947012610445639336e-01,1.146679386795439459e-01
6.060266031346603910e-01,8.293387214844142319e-01
2.778523083921069503e-03,4.040021314964102606e-02
-7.889921603851987042e-01,5.595679438678209383e-01
1.015191854984195396e+00,-6.314937184358122846e-02
-1.127206059494497925e+00,3.394351925471826570e-02
8.966181734696324068e-02,-1.291680186408945274e-01
-1.008327426262191739e+00,3.077627112564014222e-01
8.576933834706960136e-01,4.877361329113320543e-01
1.568091548113434430e-01,4.576936701931969692e-02
2.039753166029302456e+00,5.360734423303802343e-01
9.224066706065127130e-01,4.832394683777027078e-01
1.023954204274283963e+00,-4.592920524889151368e-01
1.422773595018959947e+00,-3.628768053801078586e-01
7.769450096106193804e-02,-5.754959067109961281e-03
7.659885626988454099e-01,-4.034961202052851359e-01
1.755280249395337444e+00,-7.193580819394300441e-02
6.288664190092773110e-01,8.450622544310321116e-01
1.865355850307449437e+00,-9.432211352142727545e-02
8.376046434240215222e-01,5.764194094764004683e-01
8.560772120475393931e-01,3.763841905047436431e-01
1.980883588082701818e+00,2.979954706620293048e-01
-4.943056294141364160e-01,8.764574336796913112e-01
1.163097695633419137e+00,-4.995590588126394560e-01
8.227182041628902098e-01,6.316272644034767181e-01
1.573270783266624173e+00,-3.237134312580858264e-01
5.391570322135608162e-01,9.144284014160199980e-01
1.158419007065821238e-01,-1.707250466061547844e-01
1.886644806704149469e+00,8.830865753016142738e-02
4.916186338733521954e-01,8.313604292750286229e-01
1.237571200599324239e+00,-5.362478020901950693e-01
9.484628788554934076e-01,3.150256222258550065e-01
-1.000791206785515586e+00,7.714735407490272423e-02
6.360732593675889890e-02,-3.558891183709139705e-03
-3.841379112138131047e-02,2.081591143148484035e-01
1.713575173659169337e+00,-2.014617814527233097e-01
-7.776121279393598540e-01,5.538623608912228713e-01
5.299737324356480483e-01,-2.785447104115854611e-01
2.011906206940677233e+00,4.903803522216590438e-01
2.516022474813733520e-02,1.064477759199928819e+00
1.851780087901507166e+00,1.176490485952436799e-01
8.837313710539195233e-01,5.961391658011597761e-01
1.895900404382428350e+00,2.551291797343160916e-01
8.124098619891573225e-01,5.073570913839742236e-01
1.322985697426076745e+00,-4.876883148486105268e-01
2.390765338719477995e-01,9.140615682876076509e-01
1.611634049578618555e-01,9.544314216385820782e-01
-7.140852308392687808e-01,7.473403376860145997e-01
1.099938570936304760e+00,-4.811226892075021744e-01
1.316430190610770046e+00,-4.390510696182899353e-01
6.374165652623348111e-01,-4.522228202807255792e-01
7.093819733252415549e-01,-4.936677333488893593e-01
1.022628169483267513e+00,1.677426850101069178e-01
3.145496055226207344e-01,9.776363261498739465e-01
7.683845483633959805e-01,6.481815233122100173e-01
-2.931446748585012085e-01,9.121564631806241552e-01
8.605157789477146935e-01,1.868092269727667509e-01
-7.886054365380508191e-01,7.215824723657803252e-01
-6.668866649337430452e-01,7.693391877415834967e-01
6.469295222185973415e-01,-4.269459803112245488e-01
1.672479100860114531e+00,-2.258868271252770232e-01
1.476016367248035088e+00,-3.721359756552536369e-01
-8.429520857999904804e-01,3.420012569637229660e-01
-6.482603630176075882e-02,1.005729725660539087e+00
6.367991147461669887e-02,2.723505703552784457e-02
1.447326602046756561e+00,-4.021769520668480036e-01
1.532738218423057130e+00,-3.022563496773436609e-01
2.959729386805824425e-01,9.913523456044476267e-01
1.380630592711355353e+00,-4.984096026665710277e-01
-3.029761776677373231e-01,9.412005168866857119e-01
-4.934316965516403752e-01,8.592373156571683213e-01
-9.996013019257844467e-01,3.362604181185724350e-01
-8.306662750811961704e-01,7.189915232601226114e-01
-9.802831761728644233e-01,1.554766689695362136e-01
3.912689221223178970e-01,-3.703199869658200805e-01
1.099411021663532884e+00,-5.598543557225050815e-01
-2.754663272987309952e-01,9.862001781554402546e-01
4.873575035762209851e-01,-4.137864980488532574e-01
-3.782581092751067242e-01,8.270669543787485534e-01
4.967497575166885948e-01,-2.996480489068245046e-01
1.515076328588812915e+00,-3.038514317943080134e-01
2.668350272263067188e-02,1.014931862699552934e+00
-9.879974181218997842e-02,1.020515575199286928e+00
1.035717598648221882e+00,-4.502368128815031345e-01
7.921613224359781436e-01,7.290216158848448202e-01
-6.580709026812376905e-01,5.738608133917934007e-01
3.200328279857149738e-01,-2.309396551343008142e-01
8.296394256663818245e-01,5.657059030003736000e-01
1.896581018092235310e-02,4.420250624170794507e-01
1.606368314165372180e+00,-2.043805665072144784e-01
4.847406682230242514e-01,-2.669984158308429389e-01
1.313963754970875142e+00,-4.565861190061529795e-01
5.739800542642871095e-01,7.510195821985652387e-01
7.843771362375878686e-03,2.471417316714213941e-01
1.509727950845565214e+00,-3.296994665540514680e-01
1.428837687951936830e-01,-1.773901014031274703e-02
1.081439367232124582e-02,2.209111067654728477e-01
7.924966697693935913e-02,2.622801886546899941e-01
7.274306119268058035e-01,-4.304501126314930204e-01
-5.294560850584797418e-01,7.831352142664923521e-01
-3.147191614848878216e-01,1.023439483570179664e+00
-8.494286916087624428e-01,4.747323608240632820e-01
-2.215931227783664026e-01,1.089239289348917783e+00
-9.872792450303670142e-01,2.297430314839702392e-01
7.707427847925206743e-01,6.521822189000539005e-01
9.518704389947564293e-01,1.094613793891866665e-02
-8.563542130290657806e-01,5.254375027734619064e-01
1.029353517799951767e+00,-4.527358281172731425e-01
1.424132611325714448e+00,-4.743537456370196526e-01
1.801520463644847192e+00,-6.737019227011122047e-02
1.744519510944787521e+00,-3.695121851610459474e-01
-4.346168669480784952e-02,4.038619375276491508e-01
7.247724282947287655e-01,-6.513440591682275738e-01
1.922168620575682940e+00,-3.936883561218872118e-02
1.018020174698678559e+00,-4.471233466309262328e-01
7.648447051225237825e-01,6.182814112053156563e-01
9.306026040088775098e-01,5.020573903003340277e-01
4.763554167127633243e-01,9.202879211862373676e-01
3.342320017996899262e-01,8.991426811906093608e-01
1.716805252994337838e+00,-2.347782986361418855e-01
9.021256457145389041e-01,2.275342993090141430e-01
-3.644742370792761754e-01,9.331406335798211327e-01
2.149531915223577283e-01,3.565681385185738572e-03
9.223475975149822426e-02,2.444824300112813376e-01
8.932763728155678207e-01,3.908468585024075792e-01
-4.833343253289851260e-01,9.145626818526026991e-01
2.018903708621989423e+00,7.125649492289432008e-02
-8.146427491504794061e-01,4.422690341137228698e-01
-6.136545435923463909e-01,8.105210689767368137e-01
7.620093692709776212e-01,4.191233588425279377e-01
1.434706361595952773e+00,-3.377719953746470827e-01
-8.427368298908446409e-01,6.576210375013297194e-01
-1.048588785123248490e+00,5.456070747387523068e-02
-2.185663831708067883e-02,2.799990179610441499e-01
-4.900339926982642536e-01,8.973225864592561107e-01
1.867957077423453516e+00,6.037412977185459273e-02
3.179572792351678667e-01,-2.264750821237163092e-01
9.565452423487731670e-02,1.039185154493704299e+00
9.714601890620409019e-01,3.039296948669122089e-02
8.440594481262327919e-01,-6.026196387814978239e-01
2.057750963711814762e+00,3.354194283906136720e-01
1.540388000718780237e+00,-3.107424696803454123e-01
8.710852842634163595e-01,-6.051431790312933323e-01
4.028287923468472087e-01,-2.307094442647491528e-01
1.785589371160268835e+00,-1.263306596349681177e-01
4.354736238585931590e-02,2.901054427625378018e-01
1.025271006328828838e+00,1.893239648007445652e-01
5.188955956077293541e-01,-3.316969436216416489e-01
-9.023273361022418060e-01,3.517916702450153976e-01
1.017409124468555692e+00,1.066547683068356095e-01
2.004714615554513468e+00,2.890782788059424457e-01
1.109100404793309291e+00,-4.652869377114344784e-01
1.373370213185019839e+00,-4.399878482369805055e-01
-1.101112497762334774e+00,6.944795348652435529e-02
-2.043557990411300901e-02,4.003669079187822666e-01
-2.223635743609906068e-01,9.410123725430064034e-01
9.267667063383745463e-01,5.421292483857831357e-01
-2.244892138783548818e-01,9.173772728875914106e-01
9.376046959886907839e-01,7.031553763626981202e-02
3.332418931402770235e-01,9.535933085618307770e-01
1.419875029434763292e+00,-3.595725345492251090e-01
1.933061557905829231e+00,4.952201433659417229e-03
1.825538854730893945e+00,-1.539577137302623744e-01
-7.259081622989540516e-01,7.015902747050225541e-01
1.182999634597517780e+00,-4.964310089117055513e-01
9.798505990419633660e-01,2.787036425164723941e-01
7.472871918607852937e-01,6.131900693077964037e-01
-8.801204154097844734e-01,4.465383859377201614e-01
9.567558180176861660e-01,-4.952081865578605302e-01
5.414621980681803004e-01,8.899295591787770299e-01
-1.093651588629586391e-02,3.359594282049871983e-01
2.049882563703738558e+00,3.126838814369160002e-01
3.266497074302466413e-02,9.935002737543683349e-01
1.314914714902306381e+00,-3.378906869477397157e-01
1.827552920643348067e+00,5.561725494904368183e-02
1.513526799294948044e-02,2.074630188388688345e-01
3.211875450419374167e-01,9.685822210967690582e-01
1.959680475258285703e+00,4.328748777579452534e-02
2.051663332224246350e+00,4.402162728188647733e-01
1.234955386789505560e+00,-5.276063111305689945e-01
-1.006708289665794176e+00,1.353365307370563708e-01
-1.346317723046525083e-02,2.965788655586452660e-01
-9.001254173566708428e-01,3.876375820349183821e-01
6.244818422298120675e-02,-2.272461218691941218e-03
7.390827456410627994e-01,-4.290452105487538859e-01
-9.453276485091064441e-01,2.821757582829678007e-03
-3.193960690201620434e-01,9.966993099721930260e-01
-8.187914561785800682e-01,5.441596695053384503e-01
2.953654585069272476e-01,9.179859789904057932e-01
2.382602598896211843e-01,-3.036797793488582586e-02
-3.284936123589374257e-02,1.011177770365007778e+00
1.890539135856872166e+00,-4.871077153007193072e-02
6.927024015509805621e-02,1.051162087736867035e+00
-8.179739724593457773e-01,5.408033222722276046e-01
1.506987629933250306e+00,-3.891068139790111458e-01
8.650099133526368833e-01,5.705211487918206981e-01
1.272596046721949481e+00,-4.032760353354266081e-01
8.314733520881556483e-01,6.185890363706346706e-01
1.677542221182143134e+00,-3.066368586253835349e-01
1.863663701480590129e+00,-1.504431662225212685e-02
-9.836597124886724552e-01,2.194919331032884058e-01
1.409356118828386517e+00,-4.408302067652030143e-01
5.567347629926961972e-01,-3.627526796457959946e-01
1.542049293184227565e+00,-2.931766946081038050e-01
2.751464110722728340e-01,9.223920035442808585e-01
8.397459183390701964e-01,-5.658400522668798338e-01
5.949276632694021627e-01,-4.167743728756047594e-01
-8.595909123659760676e-01,5.302382592366016167e-01
8.788106150992768262e-01,4.445295414881662022e-01
-1.089283552856172399e+00,1.748962110004947390e-01
1.933961008090327560e+00,9.655336968080006910e-02
8.001575902355816394e-01,-4.952794248901895013e-01
-9.626235639593144766e-01,2.554225300753895089e-01
4.541111518401877989e-01,-2.620316534505553463e-01
1.746186575730831247e+00,-3.970729393271790753e-02
1.015308918851103526e+00,4.052665368633154852e-01
8.426600152017071910e-02,-2.118412079895639483e-02
1.425057047937327903e+00,-4.261024588051391948e-01
-5.061221076475887204e-02,2.954934899131748671e-01
2.904057697092357060e-01,-2.215762444324240743e-01
1.053212372997313517e+00,-4.763504409521379657e-01
-9.657238890053847502e-01,2.525490448383679309e-01
-5.151823112183759878e-01,9.239715111649826618e-01
-5.208741044401854481e-01,8.009133633542402375e-01
1.717090268342230663e+00,-1.981034689419108041e-01
1.383848423250555237e+00,-3.781623942457534859e-01
1.914799396878163806e+00,8.574983027489335718e-02
-1.357293727343959200e-01,1.055527257579173650e+00
-9.827757832163532825e-01,1.687685229212906868e-02
1.043566708810767185e+00,-5.347582079819956924e-01
7.673950946141274709e-01,-4.997832651889946298e-01
-8.582755025593160614e-01,4.390478874317525482e-01
-1.007340739837683685e+00,1.565499680689450002e-01
4.423028403122759022e-01,-3.353252664605679834e-01
-6.432493034607428273e-01,7.157432267532417569e-01
1.541697460253675378e-01,5.879134972983481727e-02
1.874486175014561606e+00,1.795091634023990024e-01
1.257741948661661446e+00,-5.076743631254612144e-01
8.428872060831040791e-01,-5.354260474917127421e-01
-9.582265301620399578e-01,1.654878401175967906e-01
-8.846543857525291932e-01,3.973003288522097831e-01
-2.775699480458477253e-01,9.899026099463337225e-01
-2.755472267711758794e-02,4.351798798963542048e-01
-8.989641376348851409e-01,3.673453308186877542e-01
-9.680169109624904289e-01,8.051926955749576231e-02
-1.052019609719688553e+00,1.598046555576532468e-01
4.896391664148558309e-01,9.094632692345201441e-01
2.951003880822752334e-01,-3.342556297071499483e-01
-2.937507694634101663e-01,9.410937859915419201e-01
-9.622560922641582026e-01,2.712507566974672879e-02
8.921932901548600414e-01,4.744523026838010638e-01
-7.428040675544295146e-01,6.164519727447209663e-01
-2.806492020319804603e-01,9.424204251365597695e-01
5.665861925395460075e-01,-4.279917476290033829e-01
1.503077473748735682e-01,8.687158202186581191e-01
1.238215749985935421e+00,-4.909683082895553441e-01
1.530831794108640231e+00,-2.584541766036564381e-01
-9.366922612487693645e-01,2.853663294741465295e-01
-7.317661476224411876e-01,6.912920319685167403e-01
1.940116121553426831e+00,4.767552836645633230e-01
-9.425396084430394117e-01,3.307704870580148171e-01
2.875924203362731912e-01,9.968363504852928436e-01
4.527775689529322523e-01,-3.790585243863017761e-01
-1.495369997572074117e-01,9.739735523082144741e-01
1.032118915210859633e+00,3.372379414603711156e-01
1.611694925928832678e-01,-1.786146168520141853e-01
5.240322948951549042e-01,8.819678384023795781e-01
6.056776561406715942e-01,-4.336666812513904068e-01
1.903028980118770086e+00,8.097814383617099598e-02
1.411401786549441040e+00,-4.013928231936755298e-01
8.616030531194728004e-02,2.623792788570243617e-03
-1.122618935737264290e-01,6.274203358245913353e-01
-9.584057961652150404e-01,3.257155806981582025e-02
2.659490488460305446e-01,8.789266983125755273e-01
-3.301542954969610699e-01,9.304932424098802946e-01
8.105199125025419615e-01,6.047093804595786715e-01
9.654966290716077149e-01,-4.672907801975419995e-01
1.015024861236175635e+00,-5.293151277571744862e-01
-2.188192015351522746e-02,4.110850217695048991e-01
-6.286603710708089654e-01,7.356477330298436534e-01
-8.651015748596110333e-01,5.890419462879865620e-01
5.317534726885276841e-01,8.490867220117483960e-01
3.681377318573630930e-01,-2.397569377752569175e-01
1.111554899744914948e+00,-5.059758355146332098e-01
1.000575467168753452e+00,2.162650522684589904e-01
3.096286354165474486e-01,-1.804638949676177773e-01
1.970164654768129076e+00,2.380801815954481371e-01
2.015501083492712286e+00,4.876371942546229299e-01
-6.688244088233150642e-01,8.018214097878246793e-01
-1.090992476080014484e+00,1.409432931305571735e-01
1.464550690149743151e+00,-3.890685150224654221e-01
2.047649210790920993e+00,3.537066430277557294e-01
8.121238677396009908e-01,3.777820877096346730e-01
9.934457748483775941e-01,4.012148977879266831e-01
1.866623508965572054e+00,-5.739785006372452592e-02
-6.150637551163061767e-01,7.844704742512720319e-01
-4.937704602511340801e-01,9.263305033727272653e-01
-7.032631584046313833e-01,7.065349739410835550e-01
8.330801948474797491e-01,5.930977943886821535e-01
4.196777753070854433e-01,9.323034247282540043e-01
6.128948068128958759e-02,-2.998633602189752778e-02
1.118691992763246879e-01,-3.258358758961232143e-02
-5.082011904387151446e-01,7.213600265971176206e-01
-4.959103942397551784e-02,4.628590355092044861e-01
-1.084731571260068916e+00,2.824701037604366305e-01
2.792681827404537298e-01,9.795427313970977989e-01
-3.361968807802870329e-01,1.009356730435342575e+00
1.385833097177827378e-01,-3.731424842896556571e-02
-8.451773472515562435e-01,5.730572205336237346e-01
4.865087072155463432e-02,2.128182299532755395e-01
1.998907217984199569e+00,4.365984123606175826e-01
1.524809630057488929e+00,-3.108459711173179874e-01
-8.522731149098775605e-01,6.937124452600631486e-01
3.122118903017973013e-01,-1.370767131860671229e-01
6.048224693773550653e-01,-4.145802936633376512e-01
-2.209892379402383922e-02,9.617603160525478589e-01
9.902771218355403970e-01,-5.201900423653983419e-01
5.805794113240254906e-02,2.546488211753393238e-01
1.947759881683977623e+00,7.142115960614466019e-02
3.149971636320101909e-01,-3.022361466298219002e-01
-1.043031435489018666e+00,4.456015598004146872e-02
1.106647563044814708e+00,-4.350293732745249553e-01
-2.112994119181069719e-01,9.409821880450975895e-01
9.346258006051366696e-01,3.162886646565537530e-01
1.964346664583491942e+00,2.307264295748038263e-01
7.216636019329050189e-01,6.713923598600535225e-01
1.460931822251225476e-01,-5.048078834084751554e-02
-3.420763166537481026e-01,9.373291692843841449e-01
2.011611585720784579e+00,4.485732160682981418e-01
9.743911526341226814e-01,3.149162859499056721e-01
2.987862558907435906e-01,-1.437174753285373197e-01
9.559220304381458311e-01,3.249816294825635943e-01
-4.086581971767456745e-01,9.637219985057586813e-01
7.428040945136218376e-01,6.808523257046553701e-01
1.743709292635386099e+00,-1.812104437410874680e-01
3.147141343439681105e-01,-1.377096280716975651e-01
-9.203119185530422852e-02,9.613723908132318918e-01
-7.024793492108514226e-01,7.697948160856746824e-01
8.390169473993935867e-01,4.008352287715821749e-01
-1.041318161376466600e+00,3.162743673898845698e-01
1.846008538716910508e+00,-7.661824446707359015e-02
4.076740639121246845e-01,-3.215016279283567369e-01
1.976894004023839191e+00,2.847207899939920295e-01
3.373845562175751267e-01,-3.342597607362864931e-01
5.862012286715444498e-01,-3.688845104862601976e-01
4.325627843777679060e-01,9.245899748765837867e-01
-8.797746102988877048e-01,3.456967259074653631e-01
-1.439457221314557542e-02,3.137934680232460360e-01
5.037834154990231683e-01,-2.396535619018578256e-01
-4.077683163343222006e-01,9.144012804303536246e-01
9.162600672926983769e-01,4.442248803317861428e-01
-4.189685045899583793e-01,9.012736852949765343e-01
1.111642900269696144e+00,-4.525999814114903264e-01
9.374537841547038175e-01,-5.276811896697205517e-01
8.351202341088116432e-01,6.245676040470766743e-01
-8.510184097634680978e-01,3.755697060706127965e-01
-9.152102440691074481e-01,3.783749223236488879e-01
-6.424398668121465705e-02,3.278032437014347100e-01
6.597937400097544369e-01,7.080160687323040491e-01
1.335792709952197566e+00,-4.485138216352543838e-01
4.104195042863519327e-01,-3.102209173778240903e-01
-1.621918054077033100e-01,9.984586871022017585e-01
2.236610423022699912e-01,-1.988230725550969580e-01
-5.703577568194091452e-01,8.318772769039829429e-01
1.032323961168497561e+00,1.296806002145918235e-01
2.170187120869147279e-01,-3.042282866006131709e-03
2.616154819854145663e-01,-2.857422124997963664e-01
4.879558046838910340e-02,9.848128782000442616e-01
-2.549382815729001051e-01,9.948037659321269377e-01
8.987940215298728663e-01,4.683788515861241064e-02
1.069669375559159308e+00,1.260481498746858775e-01
4.402274943731730450e-01,-2.850235239409416588e-01
1.366374429433050153e-01,1.980505062064386868e-01
1.120624492499530778e+00,-4.772465710622717516e-01
-9.733644773085641244e-01,3.399790148644811216e-01
5.369757884235200340e-02,2.313512153729011533e-01
1.262157466835178043e+00,-4.864604984264564447e-01
1.839316125194201845e+00,-8.112547680515885817e-02
2.052577565851375851e+00,4.275483684765409298e-01
1.932266391675369066e+00,4.105442992772825317e-01
3.062815392093208855e-01,9.511136189548952125e-01
-7.534024419664150929e-02,9.440247921473609027e-01
1.898917459602690316e+00,1.985045466112353163e-01
9.812253403117725536e-01,3.365616524618854633e-01
-9.217513245707993352e-01,3.601997009187423160e-01
1.073714970266232305e+00,2.793621310025539151e-01
3.745001173285886220e-02,3.508796681518831506e-01
1.242632226033608012e+00,-4.493589949837454300e-01
2.711898029944700972e-01,1.006296992407027746e+00
-9.557222376727548818e-01,-2.215419146126309732e-02
3.989286876039092045e-01,8.496231988823204073e-01
1.905541242090353471e+00,2.357366375394744362e-01
8.490797437893138344e-01,4.906837505371605124e-01
-9.578210976452972147e-01,3.003142002590477033e-01
4.170282758100462006e-01,8.896830471834281662e-01
1.934534459622061275e+00,3.066497137179705623e-01
4.796832154040002183e-01,-2.945474685863579412e-01
3.498622446109472123e-02,3.602104277445888347e-01
-1.038836865966832557e+00,2.113373223464537209e-01
2.051033231068896956e-01,-7.075855597178422329e-02
1.906255314558358838e-01,3.791837517977495603e-02
6.456474336607411768e-01,8.014343983684502071e-01
-6.280905020500119340e-01,7.154870170173104338e-01
7.327598154758599991e-01,6.649741869747967105e-01
-5.905631223781905303e-01,7.754409067780960729e-01
2.851493691254761709e-01,9.597860022705635430e-01
8.001473222953962017e-01,-4.676140660441007180e-01
-9.206007344427988293e-04,1.032516618050496549e+00
4.552456589300459266e-01,8.932793650311177114e-01
1.052180548650386793e+00,-4.752565027841104683e-01
1.226588122629201250e+00,-4.255671498513567963e-01
-4.320895910130028716e-01,9.253091271639944937e-01
1.829543670098099595e+00,2.553841806054406582e-01
9.444582046211531523e-01,1.917127482463918953e-01
-5.101576835661796316e-01,8.325871561426010370e-01
-9.307256100514337271e-01,1.615487568162663479e-01
-9.225951268172754016e-01,3.298881122292741663e-01
7.079789453576906810e-01,7.399760995259756502e-01
-6.132158862249926790e-01,7.667079686769183722e-01
1.258353040317122140e+00,-4.701911787361743866e-01
9.270085330154422820e-01,-4.985195275904972800e-01
3.248417161929996744e-01,9.030549144220340052e-01
8.714815321711806284e-01,4.535192278002241895e-01
-5.449903721226659337e-02,4.219170304827213891e-01
1.413634067403459760e-01,1.010462995784277673e+00
8.271764936611037955e-01,7.127735238317269850e-01
2.016851854425419699e+00,4.763076291879496105e-01
9.294366221897770730e-01,-4.567064023750889157e-01
2.042305155492773139e+00,5.489966793930673994e-01
1.901680784327155926e+00,1.635304128858811046e-01
-9.303547987493893112e-01,4.075469631654548008e-01
4.798951807504718281e-01,-3.514912842217264854e-01
1.983887086256138632e+00,3.471944710242181320e-01
1.767057332721046203e-02,4.847232206696188150e-01
1.639730686600805898e+00,-2.903902991470375672e-01
1.932340853010980686e+00,7.191331256937552596e-02
5.018254185988523242e-01,-2.812404920998503588e-01
1.921311425127249395e+00,8.795066844918679461e-02
1.272188050080023780e+00,-4.983984691270132439e-01
-1.799182417800561651e-01,1.051136952966411187e+00
4.531318821908325023e-01,8.350179381858594541e-01
5.766106652012368272e-01,9.186674746380500967e-01
9.189023633842323679e-01,5.094601072951328302e-02
1.661268525191166301e+00,-2.741733171896551524e-01
9.375423138324293637e-01,3.114167336323317992e-01
4.325922174397216491e-01,9.824859590906330764e-01
8.124090268441860330e-01,6.763602429163060314e-01
1.797159177785685014e+00,-2.252324703246841586e-01
1.851369091623511487e+00,1.950897283743534966e-02
-2.831054315847009728e-01,9.261370493147831340e-01
-3.320064704387749588e-01,8.970452171629260674e-01
6.970531716404865241e-01,6.740131158576569970e-01
-5.848687995003728490e-01,7.542020236710268444e-01
1.410478001455793606e+00,-4.863546269618038709e-01
2.877500832146503429e-01,9.033100215426085322e-01
2.012717527889549274e+00,3.904097847151973277e-01
1.903221109901631403e+00,3.791311839530962513e-01
-1.966059770244052152e-01,1.033605080973298618e+00
1.918604109346088160e+00,3.335669652344006031e-01
-5.111784909408236821e-01,9.158721400689567860e-01
2.512282532735238272e-01,-1.216865257310948134e-01
4.244163624071031204e-01,-2.800768870885302353e-01
-8.273221806859683003e-01,6.365872405644704690e-01
7.231737592835230100e-01,7.332393406922662615e-01
3.146376950698926422e-01,9.183490170639204697e-01
-1.986373279212255705e-01,8.527281948448444115e-01
1.403937915230337508e+00,-4.026790991433301103e-01
1.694460532958663168e-01,1.059231827569611317e+00
1.861147408726556485e+00,2.054439373644501715e-02
-8.751075763090412352e-01,6.147624681124683743e-01
-4.317344154198817785e-01,8.777821717151261804e-01
-4.731358265283528430e-01,9.584837227683494776e-01
-5.457827822736476334e-03,4.931908656722217565e-01
-7.791389425608076236e-01,7.914036837253498602e-01
6.258283267382709625e-02,2.230502114714785766e-01
1.450416880706850487e+00,-3.212523374312647451e-01
1.457998708486446748e+00,-3.234131931903456714e-01
-5.213860951301213520e-01,8.587239592333857363e-01
1.159840303130412309e+00,-5.014017728235538041e-01
2.057728101918440689e-01,-8.298137235102459597e-02
4.529675970380650507e-01,8.089039085515257188e-01
6.322443015965698576e-01,8.347043897257399037e-01
2.756806668474946764e-02,4.054470187477953180e-01
1.005633774289837357e+00,-6.066935271122977924e-02
1.173154662113297775e+00,-4.033686715607477935e-01
1.415812952298217020e+00,-3.605744861512302779e-01
-7.554280591058567529e-01,6.455897353199453459e-01
-9.214555506256747464e-01,1.042128284854982878e-01
3.191720292696269001e-01,9.590745106921622076e-01
-7.217202589102355015e-01,6.291729522842247624e-01
5.594051510867255050e-01,-4.153538818987461134e-01
1.154912526407998685e+00,-4.864501634445860812e-01
1.874627195923310286e+00,1.867334875069492917e-01
1.299490553356441036e-01,1.025789896701809978e+00
9.159305866249523032e-01,-4.537872643694600416e-01
9.652867308057736517e-01,4.788036504821360784e-02
1.659713117054803400e+00,-2.893826440565501201e-01
1.058690213793113344e+00,-5.314824824806957393e-01
1.300178629506510974e+00,-4.764710757005203301e-01
1.011569028336773313e+00,4.970396883055028942e-02
1.935926822096425637e+00,2.051634005098285640e-01
6.472936445983125120e-01,-5.017681986546672634e-01
1.969518974954028168e-01,-1.313212056213144963e-01
7.686465076132374952e-01,6.256155737983747356e-01
-2.687170582947258635e-01,9.172263712092261212e-01
9.102108896019809325e-01,-5.157267290287680384e-01
1.517311273182201381e+00,-3.131047763800126060e-01
-8.961936610956302562e-01,2.687103077010747909e-01
1.079939904350851965e+00,-4.707469277641384009e-01
8.197781348777493093e-01,5.149248922568813169e-01
-9.457096533595279464e-01,2.554789499837082367e-01
1.223462407724429379e-01,5.189367110366897851e-02
1.787602180930281559e+00,-1.396447405692040900e-01
7.529950965624312431e-01,5.155530402211025987e-01
1.806999001295361007e-01,6.225680747321625519e-03
-8.128680551636043861e-01,5.755790838071770388e-01
-2.332091727877330101e-01,9.539566281059131958e-01
4.237600859864630864e-01,-3.063850266980980841e-01
-7.604652576827566346e-01,7.074296896518094124e-01
1.752590199703779383e+00,-1.590401203809272690e-01
-4.741689237559190695e-02,1.142527298303465333e+00
1.039347907418966821e-01,-6.612846778063445619e-02
1.716571813531662105e+00,-1.484466407708764091e-01
6.231819451185463543e-02,-1.038803583231526079e-01
-8.990971639019142980e-01,4.005044928497020762e-01
1.183182685945967760e+00,-5.112902565005649214e-01
1.902193317228197289e+00,1.544007571621567321e-01
-1.030147584314068665e-01,1.005289740502087303e+00
3.001734904950045246e-01,-3.075601388212675924e-01
2.573691870227831635e-01,9.688422482792006241e-01
1.109539241839360146e+00,2.050862280989548259e-01
7.705781850932389432e-01,5.683662257956410002e-01
9.345767843858965307e-01,6.006245033403675992e-02
9.692787089194744299e-01,2.826220826954589649e-01
1.654505845510463979e+00,-2.461143754762548375e-01
3.238850960340186602e-02,1.697285186886842989e-01
5.043337911435179927e-02,4.034081480807211184e-01
1.600779161261444150e+00,-3.416506874641781488e-01
-9.577598446911147478e-01,3.379924922023995193e-01
8.550630673675481130e-01,-5.082192795993863976e-01
1.747808278447351871e+00,-1.937899578624721619e-01
6.539356882734814747e-01,7.942207879192653142e-01
1.393704019113920056e+00,-4.309176720143076955e-01
2.026834898556231224e+00,4.046187276317920745e-01
5.822254218618982957e-01,8.100041205635093444e-01
9.003669697167792085e-01,2.476128490817966765e-01
2.235857552218071531e-01,-2.107483698444041070e-02
1.913451330753367374e+00,7.815186078936245395e-02
-9.397893486134258900e-01,6.004281088575964542e-01
6.346247738397258198e-01,-3.824292926194758913e-01
1.185619119735459748e+00,-3.846616927848249268e-01
3.012919297460143198e-01,-3.960779425828103717e-01
6.225197467164576837e-02,1.885472580335511850e-01
4.392186271502304673e-01,8.090282243808223361e-01
1.140747833959919744e-01,8.659626986541543725e-02
3.851332861342442460e-01,9.245542007546631025e-01
6.367999428009122331e-01,-3.726323048276538596e-01
2.746174434291358546e-01,-2.027931975333093773e-01
1.972595481104510551e+00,1.273087405540352102e-01
1.377369100758568388e-01,9.217246209600750417e-02
-4.404158274138689211e-02,1.066222570816930837e+00
5.460314108219180840e-01,8.789417017404806964e-01
8.494794634019667834e-01,4.112000578788680416e-01
2.151497885738181681e-01,9.963294077157745787e-02
9.086823784968868223e-01,-4.765669250421583625e-01
4.950826839396785251e-01,9.418475246332952411e-01
-7.522027661227189688e-01,6.148883107918057256e-01
6.195503186910201743e-01,-3.257222141078497391e-01
-8.330688943027823035e-01,5.407072477901430085e-01
1.887803480630094954e+00,-1.640085612840220253e-01
1.901956650546483329e+00,1.815673466900002142e-01
-3.769245437270478116e-01,9.495944849121837894e-01
3.415809785295826906e-01,9.664198034933553227e-01
-7.304240573679630921e-02,3.974392116185220813e-01
2.134690814449286683e-02,2.960534027880685759e-01
-6.426421560929052035e-01,7.161633872078405627e-01
1.937418039432151851e+00,2.312367296315165355e-01
1.406180752835059167e+00,-3.996181643563312402e-01
2.431326419604951938e-01,-2.375912966804683002e-01
1.046155808964600586e+00,-4.559596264918986952e-01
1.964795981044387685e-01,9.909149130217708157e-01
-6.784942464332047729e-01,7.461109528984433137e-01
1.480256686808482103e+00,-3.506150002263632715e-01
1.495622125672144254e+00,-4.165843534299311646e-01
6.273916068445478667e-01,8.205216767965015645e-01
-8.459356932132497953e-01,2.400771595935187186e-01
1.769376689759979415e-01,1.568066515827651608e-01
1.623275753086979023e+00,-2.261347750922710342e-01
2.565077425212766715e-02,2.641807221555728113e-01
7.367166250384533654e-01,-5.104482211559102645e-01
1.759529165451672039e+00,-1.646614905263505957e-01
9.928579572841280676e-01,2.973522080995530947e-01
1.004335158498455449e+00,5.084694079317624710e-02
-3.296585332221009246e-01,8.298252468706375229e-01
1.959744403654734235e+00,3.199118817411695792e-01
1.917142321139921446e+00,7.934733279873827649e-02
1.779574179434521453e+00,-6.343115857187713036e-02
1.956901179770827559e+00,4.177748016793324526e-01
-8.389513861199592304e-01,5.506268212793639094e-01
-3.121074174089258912e-01,9.720936746961030828e-01
5.408274473523452808e-02,1.055564049073958399e+00
1.939327797289522204e+00,2.956469982516932160e-02
7.666605283890236544e-01,5.563577932192571573e-01
9.946510823376860655e-01,6.822329570231028262e-02
7.685914893628151279e-02,3.377220096862370569e-01
-6.302978465267981001e-01,8.097671202069047780e-01
-4.476646815833190685e-01,7.974166400929839638e-01
-4.227874585164541621e-01,9.215861872575787928e-01
1.997306752844295041e-01,-2.838314044711621742e-01
-1.082444758911244254e+00,1.300624217412077455e-01
9.322340072351391616e-01,3.888916375563932770e-01
1.795673086327046697e+00,-1.958811758427499161e-01
7.888535060892851725e-01,4.988240357120299340e-01
2.418448948851187053e-01,9.067030090148370247e-01
3.095875076323538200e-01,-1.814823814361980203e-01
1.393854167259185317e+00,-4.458269731577733097e-01
-6.683856825755729592e-01,7.295404596420073107e-01
8.975506970619848701e-01,2.457239076936478528e-01
7.955232265368461508e-02,1.249474812753148534e-01
9.059241723094397791e-01,3.290906050752634981e-01
4.740814583410677407e-01,8.605589158513640147e-01
1.869998421433192837e+00,-1.618959033233949296e-02
-4.331273644026401581e-01,8.099473904174746552e-01
1.909509270587782526e+00,2.989686194142458439e-02
5.462306852822889081e-01,-3.600313336266474651e-01
4.090016254342959678e-02,3.706929689718022614e-01
